
-646.54006563	
-658.83591658	
-675.50802430	
-676.23220515	
-688.37842728	
-695.05123972	
-701.00960004	
-709.99440525	
-703.34703854	
-688.31631961	
-683.63211295	
-681.19744641	
-685.08027964	
-675.71785005	
-665.07346228	
-665.69925582	
-672.37983093	
-662.19817029	
-663.20980098	
-666.21131999	
-650.78066321	
-660.82669554	
-655.06599376	
-646.70997264	
-640.60389492	
-631.61282177	
-612.26388382	
-612.26388382	
-612.26388382	
-612.45984797	
-603.86397069	
-603.86397069	
-599.21754901	
-581.41917951	
-552.24489034	
-551.76350158	
-552.42146743	
-541.57490010	
-538.88492027	
-532.19620959	
-529.57597838	
-506.47797674	
-501.42962375	
-482.76095734	
-482.76095734	
-481.80210210	
-478.30611173	
-453.67839663	
-441.00917517	
-439.08678230	
-428.33763020	
-407.92708424	
-396.50821846	
-391.48716669	
-390.04785170	
-375.29562898	
-378.50598007	
-352.42039550	
-343.05032755	
-343.05032755	
-330.33196192	
-329.16168444	
-329.16168444	
-329.70652394	
-294.74790771	
-289.92455301	
-261.76846431	
-224.54942600	
-248.21372683	
-252.27024765	
-249.34535611	
-244.07844089	
-241.27089106	
-243.98115782	
-242.81536485	
-227.35494974	
-200.97143706	
-200.20190000	
-202.33479071	
-215.47103222	
-165.83289905	
-150.05769535	
-165.30969607	
-170.76457535	
-176.29770636	
-166.23747627	
-168.46527603	
-155.59560968	
-161.27268578	
-150.61016031	
-148.82127422	
-148.50418343	
-152.77652835	
-155.56724500	
-161.63607907	
-166.23241738	
-166.23241738	
-166.23241738	
-165.80142332	
-166.27844318	
-149.34003002	
-158.82125126	
-158.82125126	
-159.37240598	
-159.37240598	
-172.73600165	
-172.73600165	
-157.25642667	
-160.02445915	
-161.25773350	
-173.01755797	
-172.04960253	
-176.72068327	
-160.25711268	
-157.89547579	
-154.68951507	
-157.08462084	
-157.77117489	
-176.87153869	
-178.49908088	
-178.72839783	
-178.72249142	
-178.72249142	
-172.49444813	
-169.64427140	
-176.95368495	
-164.55562028	
-158.85389054	
-162.04875073	
-163.67130008	
-164.41177951	
-162.44494028	
-162.44494028	
-180.41539708	
-173.30766264	
-177.24747008	
-176.14288331	
-172.34678280	
-145.80668253	
-175.80549833	
-162.40960989	
-166.99355395	
-168.40213642	
-167.27118430	
-168.15366699	
-165.27502833	
-165.27502833	
-176.86115673	
-176.86115673	
-173.60242498	
-175.75327387	
-175.90486150	
-158.54175301	
-158.78810106	
-158.78810106	
-165.06797527	
-165.06797527	
-165.49575334	
-167.35198033	
-162.51635972	
-163.04541652	
-170.73225712	
-173.48770480	
-144.43022065	
-142.01325943	
-201.13018722	
-161.97447777	
-164.76733553	
-165.62816175	
-164.20919823	
-176.84623002	
-178.64954458	
-178.64954458	
-182.06518475	
-182.69093210	
-181.85543600	
-179.26395641	
-171.75456960	
-174.32048434	
-176.54871124	
-178.60341117	
-181.57131184	
-181.57131184	
-157.82815582	
-155.41108893	
-161.92340640	
-164.34048861	
-161.67418022	
-159.49614720	
-180.95918349	
-182.77505122	
-185.53311849	
-184.88904131	
-184.88904131	
-166.63536319	
-149.99369937	
-150.68521333	
-147.46284869	
-147.13769768	
-157.90454494	
-160.49757215	
-145.41427745	
-171.33198028	
-162.97723544	
-161.51380703	
-161.91195679	
-174.76293603	
-174.76293603	
-162.91118277	
-161.91096282	
-161.85310477	
-163.86825176	
-163.86825176	
-162.20983374	
-168.64320087	
-168.64320087	
-168.64320087	
-169.08877310	
-180.24189100	
-180.24189100	
-180.76008513	
-174.62749917	
-170.92426457	
-182.97479763	
-183.93081124	
-183.93081124	
-176.73524719	
-176.26932031	
-173.55310845	
-159.75563144	
-156.39965231	
-164.21927538	
-173.64003146	
-149.34300167	
-149.34300167	
-146.82414988	
-146.17608122	
-145.22370932	
-142.02472087	
-150.57508550	
-153.23883846	
-148.87477181	
-154.23776367	
-154.23776367	
-159.81551901	
-161.01132483	
-147.93602655	
-146.52612037	
-143.69445980	
-141.58576751	
-143.19255089	
-153.05270472	
-153.05270472	
-152.23582639	
-192.19651266	
-163.11982950	
-163.11982950	
-159.31541021	
-161.81903072	
-162.14548152	
-184.01672168	
-172.84182104	
-179.81759114	
-177.67918357	
-175.24866157	
-158.74279130	
-156.51192725	
-158.18322710	
-163.16349061	
-166.64635608	
-166.45863318	
-163.34621907	
-150.11266715	
-150.11266715	
-162.12360360	
-162.12360360	
-174.32932608	
-178.96587312	
-178.96587312	
-183.50964874	
-177.81188402	
-178.60438541	
-178.60438541	
-164.52992465	
-167.38089257	
-162.35843674	
-158.58206862	
-161.08721522	
-164.84879586	
-197.04789035	
-195.85946416	
-175.70577744	
-175.81204097	
-173.15122804	
-171.97720013	
-156.59289140	
-160.59896227	
-166.29567755	
-163.77375250	
-163.66544204	
-180.82157492	
-175.08017984	
-175.08017984	
-173.11609907	
-176.14968179	
-167.01032958	
-164.58922301	
-168.23778650	
-171.76097348	
-171.76097348	
-178.20075784	
-175.46679169	
-174.27984204	
-173.11063022	
-169.62046155	
-144.56325415	
-143.71805979	
-141.17912803	
-144.25613657	
-147.67739674	
-165.08557696	
-163.05393822	
-158.23196734	
-148.91816792	
-162.40078589	
-162.48909049	
-176.50561293	
-179.31711471	
-178.29649664	
-186.41151175	
-186.35174275	
-188.64460301	
-167.73321708	
-169.78544684	
-163.93786777	
-164.72069915	
-174.60604321	
-174.94027573	
-174.53929121	
-178.27891612	
-180.91627150	
-180.91627150	
-185.34806294	
-184.63856411	
-183.17659693	
-192.78524746	
-192.09134023	
-181.80209563	
-181.80209563	
-170.43121529	
-167.18756184	
-178.93300834	
-168.98340169	
-167.76959639	
-155.35848156	
-152.16302410	
-176.55549148	
-174.67038253	
-168.94460119	
-167.03065849	
-170.64307169	
-167.95984025	
-173.97114683	
-165.44253563	
-154.49911001	
-162.32390067	
-164.54735511	
-146.35843938	
-145.86784680	
-141.99566769	
-149.82542440	
-149.82542440	
-154.74603429	
-139.83539495	
-143.23079407	
-142.32118524	
-161.71898133	
-160.18526822	
-152.14561068	
-153.18917299	
-154.06175169	
-152.70403161	
-155.54167843	
-161.18992500	
-167.91508288	
-165.16326314	
-158.64891785	
-176.64354975	
-158.04350923	
-174.06844311	
-173.94898076	
-141.63375552	
-130.98603841	
-152.60180190	
-152.60180190	
-153.97257663	
-157.57968575	
-169.46655543	
-171.82371458	
-171.75349684	
-171.75349684	
-179.86032553	
-180.66290271	
-169.81121496	
-166.74643696	
-154.92588193	
-150.20684322	
-150.59338913	
-154.65073830	
-167.43462028	
-166.88367622	
-167.31922843	
-167.52296771	
-167.94997444	
-168.63550885	
-166.40926083	
-156.84296765	
-158.45560148	
-159.16550840	
-156.56125547	
-154.44661412	
-162.54339694	
-160.85463717	
-163.68255020	
-163.48840257	
-165.95157976	
-172.92174938	
-171.92448350	
-163.44366888	
-163.44366888	
-163.58106280	
-159.93895302	
-158.02016993	
-174.83840181	
-176.04359652	
-167.72759270	
-167.80435199	
-167.80435199	
-168.36894286	
-171.83731782	
-168.30761101	
-170.77871705	
-194.15159366	
-177.79303695	
-177.91067456	
-172.90584418	
-172.67940812	
-204.77264737	
-205.88922063	
-211.80456621	
-214.35141699	
-190.40107653	
-167.61717768	
-169.84978917	
-169.80237115	
-173.66844228	
-175.17917064	
-162.60576994	
-159.27279305	
-173.71572649	
-181.65822647	
-187.44926180	
-152.64626943	
-156.23434790	
-167.06936006	
-164.41050065	
-161.36264618	
-160.99224564	
-160.35231177	
-160.35231177	
-160.35231177	
-159.91853589	
-163.14237039	
-163.87784581	
-172.36735005	
-169.00300641	
-168.36199756	
-172.42069873	
-173.85933509	
-181.16775532	
-181.73199483	
-182.15675950	
-181.30024222	
-174.89262290	
-174.89262290	
-174.89262290	
-174.89262290	
-158.07351720	
-155.12094679	
-154.37994763	
-193.82412811	
-167.42919854	
-167.17925529	
-169.20590430	
-170.22307318	
-164.61593826	
-179.40062496	
-179.40062496	
-179.70563667	
-181.36950388	
-177.59968598	
-175.09105515	
-176.79418546	
-177.50477630	
-176.75539849	
-182.79461007	
-165.55262895	
-171.34867919	
-147.66820604	
-158.43930949	
-134.14711690	
-134.32974948	
-149.98834976	
-192.28681228	
-204.17847574	
-192.18366261	
-143.45484970	
-148.77660827	
-148.08999915	
-147.57927729	
-174.53641345	
-159.09530134	
-157.09754364	
-167.78597187	
-172.97782658	
-172.97782658	
-170.50823361	
-177.96982290	
-174.71292251	
-174.71292251	
-169.47120784	
-178.06771995	
-173.82561010	
-189.60421248	
-195.21452334	
-195.21452334	
-198.34815397	
-150.12536410	
-148.30587775	
-178.29552081	
-178.29552081	
-179.36569446	
-177.80432724	
-180.15708794	
-172.61901410	
-172.35217913	
-172.76943284	
-172.76943284	
-177.25563022	
-151.39296954	
-149.70960054	
-139.49395219	
-157.27977301	
-155.78645785	
-153.32906086	
-190.57129288	
-172.48016165	
-177.32185147	
-175.93076070	
-190.55915587	
-195.86495194	
-190.53054117	
-138.22434172	
-157.64559065	
-172.03705663	
-172.03705663	
-166.26337616	
-164.33397185	
-163.98442666	
-158.82377810	
-162.49588590	
-162.49588590	
-167.97521336	
-167.97521336	
-167.97521336	
-167.97521336	
-166.29649161	
-164.59434478	
-161.88920120	
-161.13398051	
-161.13398051	
-161.13398051	
-134.22798013	
-134.67598121	
-180.54890919	
-148.00626392	
-152.82659380	
-153.65393250	
-150.24828639	
-150.24828639	
-160.72783235	
-177.52346221	
-187.14941551	
-193.03861035	
-188.89239329	
-175.22335783	
-177.86239855	
-167.26210352	
-167.64713917	
-169.33047255	
-151.31380282	
-152.40222052	
-152.40222052	
-166.43544997	
-170.08184904	
-172.57928256	
-172.57928256	
-175.78808893	
-170.07770381	
-167.55053469	
-180.33510715	
-179.29294902	
-179.97264824	
-179.97264824	
-176.32973729	
-128.93566405	
-178.00014223	
-130.85462111	
-127.66819003	
-132.03317609	
-152.31827940	
-165.56453666	
-168.82501720	
-165.94892581	
-167.20742250	
-158.25246413	
-158.65767913	
-172.82022196	
-172.08307449	
-167.69304979	
-157.10448062	
-163.30614911	
-153.43228063	
-157.61686426	
-153.77598209	
-152.03917617	
-148.50583183	
-147.04937799	
-147.68042502	
-163.51334775	
-163.51334775	
-163.51334775	
-162.56805324	
-162.56805324	
-141.49923716	
-150.86527279	
-165.55296331	
-162.60494665	
-161.81514480	
-161.34099395	
-158.38849296	
-157.18614671	
-199.59906650	
-201.21536125	
-200.70102615	
-198.83937334	
-198.83937334	
-181.95705762	
-179.21246930	
-182.42352545	
-176.85912866	
-169.99198180	
-163.17672135	
-165.39374535	
-163.57302589	
-175.98263751	
-175.98263751	
-156.35002895	
-169.18137147	
-171.81808677	
-170.81584245	
-177.53944626	
-177.46464517	
-177.46464517	
-152.91558753	
-194.20245577	
-148.34338586	
-150.50761091	
-160.01186789	
-157.18817637	
-175.16975224	
-175.16975224	
-175.16975224	
-175.16975224	
-171.35601031	
-172.77048316	
-165.88877559	
-167.02504912	
-164.29467794	
-162.17403030	
-145.61197249	
-170.41691104	
-154.30813027	
-184.75476639	
-157.78184152	
-163.90602951	
-165.08307490	
-164.37838600	
-164.46839480	
-166.04936884	
-159.43634474	
-173.93663159	
-173.93663159	
-129.48236346	
-140.55653258	
-144.77598333	
-143.74359260	
-145.67450952	
-142.42715936	
-142.42715936	
-153.70647999	
-157.22161448	
-157.22161448	
-160.83726497	
-159.31359633	
-163.10740052	
-165.12247646	
-167.32105803	
-170.63449371	
-161.79259173	
-171.56268305	
-156.88184897	
-155.51826528	
-157.69840877	
-157.75130986	
-155.13429172	
-155.81437167	
-157.65823199	
-159.77169128	
-184.08638909	
-179.53365487	
-179.53365487	
-178.64078844	
-175.00342680	
-174.42052750	
-172.76038382	
-187.43644930	
-178.69219849	
-187.51306825	
-176.23712309	
-178.29080118	
-179.76334784	
-181.70866904	
-190.04417205	
-192.73283915	
-182.66957048	
-194.62621175	
-157.18665635	
-159.72321465	
-157.44777994	
-155.06348734	
-168.05648169	
-167.86995131	
-168.47264523	
-168.47264523	
-187.78083639	
-190.65730937	
-180.24799481	
-182.84357505	
-184.20434282	
-151.46076246	
-149.30041501	
-149.30041501	
-149.30041501	
-149.30041501	
-144.63897371	
-151.41960390	
-156.14529114	
-176.98443599	
-158.44956226	
-158.07758735	
-156.33179706	
-155.96955702	
-159.59714154	
-160.83520812	
-160.83520812	
-170.93338060	
-170.93338060	
-170.93338060	
-170.93338060	
-181.43974046	
-182.28808819	
-181.76032688	
-177.63164882	
-177.63164882	
-179.79014766	
-176.00685227	
-175.17082696	
-177.66972976	
-196.86585472	
-178.88399452	
-177.05878799	
-177.05878799	
-174.38794898	
-174.38794898	
-179.84139104	
-154.71522495	
-154.71522495	
-156.14034909	
-160.85235195	
-148.93103007	
-147.37586398	
-147.25971279	
-172.23682911	
-174.19857561	
-185.02046205	
-185.02046205	
-186.35685902	
-174.08858874	
-165.00036166	
-172.56835028	
-149.48189244	
-149.48189244	
-147.92403633	
-147.09427012	
-148.52410868	
-176.80903236	
-151.48645014	
-156.56647072	
-140.39548999	
-159.38888504	
-159.38888504	
-157.70994161	
-133.24706469	
-141.12921099	
-158.14728259	
-156.06503477	
-159.49967541	
-160.81584059	
-158.89674359	
-155.91255401	
-155.91982890	
-155.76431350	
-151.45469429	
-152.07620214	
-154.84173905	
-156.85720292	
-158.45250915	
-158.45250915	
-184.25273891	
-176.52490908	
-176.52490908	
-178.28560598	
-174.21875584	
-145.19526532	
-142.71841763	
-145.90457468	
-146.71526951	
-155.10233319	
-152.03972900	
-154.03931045	
-152.53361902	
-151.21514314	
-146.31200383	
-151.10499143	
-150.70651105	
-177.70820143	
-144.40573175	
-141.57687157	
-142.80156348	
-167.05322607	
-165.16743801	
-165.16743801	
-164.50112667	
-164.50112667	
-187.96491526	
-163.84086509	
-180.32725841	
-168.27916116	
-167.48030129	
-167.48030129	
-142.39516561	
-146.24988007	
-151.39160954	
-165.41445747	
-164.59941325	
-162.55413272	
-162.29403348	
-139.50118731	
-139.29766446	
-142.56998213	
-150.25821773	
-144.52730697	
-180.76536105	
-176.56999780	
-178.48473187	
-181.92621954	
-182.64887777	
-181.08715016	
-145.50616280	
-145.50616280	
-144.33221035	
-143.15808506	
-143.15808506	
-144.16376330	
-165.56687957	
-165.56687957	
-157.41863324	
-157.41863324	
-150.84728319	
-154.61949112	
-165.63197376	
-165.63197376	
-164.74494515	
-167.80591407	
-169.30507774	
-177.74301303	
-160.71838581	
-185.59152722	
-188.62758641	
-188.62758641	
-180.38860962	
-166.43011101	
-168.60872029	
-168.18786948	
-166.97594799	
-168.08048060	
-168.08048060	
-180.91629970	
-185.79251036	
-170.03892974	
-170.76301862	
-165.87905774	
-162.32302050	
-162.32302050	
-200.00791340	
-197.18490637	
-197.81045084	
-178.31614370	
-171.95067495	
-178.28542821	
-177.20579249	
-184.34866163	
-176.85312216	
-170.50255155	
-169.68794783	
-169.31016377	
-169.66230248	
-166.04307849	
-157.50616058	
-155.51372030	
-158.13690993	
-156.88783939	
-154.71702910	
-157.20857912	
-157.40067623	
-153.40442332	
-143.32649899	
-143.32649899	
-165.48350086	
-167.95323163	
-169.01959721	
-167.42875529	
-167.42875529	
-167.15488284	
-170.46707301	
-178.96060064	
-133.04925704	
-135.15650623	
-131.30111511	
-131.30111511	
-135.62053768	
-193.20872031	
-187.89989299	
-184.59720166	
-184.07987793	
-185.85491268	
-161.95021307	
-161.95021307	
-165.09045270	
-168.35129634	
-156.91410378	
-156.61805746	
-162.13048960	
-165.49757989	
-165.65534855	
-175.00228141	
-169.77896455	
-168.97685935	
-165.18263961	
-165.18263961	
-169.05558954	
-169.48228910	
-166.43754605	
-164.50399518	
-166.36664557	
-155.59003492	
-151.29993343	
-154.03729032	
-155.71559113	
-158.41954344	
-156.08062490	
-135.26723052	
-133.04524081	
-144.15417820	
-144.15417820	
-142.44011585	
-156.52825618	
-160.67155574	