
-135511.38939542	
-4765.61087764	
-3472.74913661	
-3252.50489561	
-2620.79032044	
-2559.74172817	
-2088.13734814	
-2017.65031098	
-2002.82508063	
-1790.24393711	
-1762.39649492	
-1359.98185856	
-1073.12985655	
-1055.40118485	
-1060.86412520	
-854.84118616	
-674.99715573	
-667.89745897	
-653.70368984	
-556.58835260	
-468.70533720	
-376.35984144	
-345.61599006	
-269.64550806	
-227.85432960	
-218.62621318	
-221.64750142	
-214.57992650	
-214.33593078	
-200.37805244	
-200.04164957	
-178.28302875	
-148.94315813	
-110.79041175	
-114.70901513	
-115.95464539	
-88.09585641	
-71.98808203	
-68.53121571	
-57.02026960	
-51.89348242	
-62.09584135	
-62.87517001	
-66.16858161	
-57.88614810	
-58.66080607	
-52.07085749	
-71.69768973	
-66.68469691	
-65.07340535	
-64.70115427	
-68.27712337	
-78.44282664	
-80.59647410	
-82.97048793	
-82.04857936	
-79.63624985	
-83.55911593	
-86.02978765	
-86.02978765	
-90.19899555	
-91.07144455	
-91.07144455	
-86.44264446	
-108.63532873	
-110.19878546	
-124.93380018	
-145.21504807	
-120.91996425	
-121.16272153	
-123.05694672	
-128.97811864	
-130.32813700	
-122.47264181	
-123.57308854	
-133.22285233	
-154.39891861	
-155.51661283	
-150.92908866	
-140.62021561	
-189.68771736	
-204.39897132	
-179.84444577	
-174.86493495	
-170.59075922	
-178.95565104	
-176.51849516	
-190.63723915	
-184.15180557	
-195.15890744	
-197.16278449	
-196.98837974	
-192.79011209	
-188.17381303	
-183.09411283	
-178.48697329	
-178.44751866	
-178.16136556	
-178.24727554	
-177.38123087	
-193.22096413	
-183.40758521	
-186.47066175	
-185.89250223	
-182.89348003	
-172.37765967	
-173.60505562	
-187.26129987	
-182.91616468	
-181.29857934	
-170.03271439	
-173.43795424	
-166.13806717	
-185.03910938	
-187.31041098	
-189.77702299	
-188.32050787	
-187.77291044	
-168.30811041	
-166.34352515	
-166.19094429	
-166.01729002	
-166.82071628	
-175.88302477	
-175.78354635	
-169.20446107	
-179.80293244	
-186.30688789	
-182.33498963	
-181.15776954	
-180.48056853	
-181.16342069	
-182.45215940	
-163.24625983	
-170.07704461	
-166.74479113	
-167.71479447	
-171.64953432	
-202.64460952	
-168.42338050	
-179.32515153	
-174.83755066	
-173.40633693	
-174.49642924	
-173.63883474	
-177.41764172	
-176.45028192	
-164.71226153	
-164.71226153	
-168.05423290	
-166.89226935	
-166.76678996	
-184.41142805	
-184.13773148	
-184.06284919	
-177.98264050	
-178.07304956	
-177.11040675	
-175.98351001	
-184.68461374	
-184.26308772	
-174.19339140	
-172.42818352	
-202.35959276	
-203.97135953	
-147.59385467	
-180.89260789	
-178.63672663	
-177.48145805	
-178.34254904	
-166.12654788	
-164.52196219	
-164.60643018	
-162.45174293	
-163.11291472	
-166.76751953	
-169.32877134	
-177.95868534	
-173.64277464	
-172.16238077	
-169.50970765	
-165.92805519	
-166.28113189	
-190.45019456	
-190.20986499	
-186.05235092	
-184.06763292	
-186.60368424	
-188.31895541	
-165.09892843	
-164.98040526	
-162.06200341	
-159.83476939	
-159.55137040	
-177.53169116	
-192.95663046	
-194.43028887	
-197.50542090	
-197.87751819	
-189.11455562	
-180.91066998	
-198.25277117	
-172.32614173	
-180.23657027	
-181.24064600	
-179.25789847	
-165.88943994	
-166.70223571	
-180.13888024	
-180.94644935	
-180.99483149	
-179.32497857	
-181.23949530	
-180.55556221	
-173.36546813	
-172.02494849	
-172.02494849	
-171.67556764	
-160.47964777	
-160.96491871	
-162.01834625	
-167.73867184	
-171.84308010	
-160.13763567	
-159.20887613	
-159.30751691	
-166.29163494	
-166.78855201	
-169.11178791	
-182.92877159	
-187.33165768	
-179.05922966	
-170.71090528	
-193.35158856	
-194.21761825	
-196.85041480	
-197.39197813	
-200.55025328	
-202.31245859	
-192.75873944	
-189.96206831	
-194.94886397	
-189.19444428	
-187.64182217	
-182.79754313	
-180.54049489	
-195.53262269	
-196.40034304	
-199.13423132	
-201.53297911	
-199.67498367	
-188.17617517	
-188.76502719	
-189.32599309	
-150.88718468	
-179.31378570	
-179.31378570	
-183.54837357	
-180.22894937	
-179.96969699	
-158.74377772	
-168.78084485	
-161.75873188	
-163.90659165	
-166.09386469	
-182.99511566	
-186.26389583	
-184.47757968	
-178.16608943	
-174.84498796	
-175.12258102	
-179.04620187	
-193.28964890	
-193.28964890	
-182.12563229	
-181.10068934	
-169.46577935	
-166.17138239	
-166.92146662	
-161.87596357	
-169.23302693	
-168.27428751	
-165.75539104	
-180.27868843	
-175.59312615	
-181.87036745	
-185.10159124	
-181.49294832	
-182.67823172	
-152.10784784	
-151.29946905	
-169.30210314	
-167.70758455	
-169.49978852	
-170.85183919	
-187.11184321	
-182.92410283	
-177.44306667	
-178.67920606	
-177.82664039	
-162.27359112	
-167.06248807	
-167.37579601	
-169.41409924	
-166.37312790	
-174.73169370	
-177.15215082	
-174.11664679	
-172.39022512	
-172.39022512	
-165.39539003	
-167.39218064	
-168.65861581	
-168.69341223	
-171.84037219	
-199.86521246	
-199.30856638	
-202.25926751	
-198.76925557	
-196.79018188	
-177.47243993	
-178.82416195	
-185.78680386	
-196.02790702	
-180.47347202	
-180.77426917	
-167.82726831	
-165.05035798	
-164.68644395	
-159.16663591	
-159.21900408	
-155.55265473	
-176.19909671	
-175.06025716	
-183.18685489	
-181.87993982	
-170.15295530	
-169.11018048	
-169.12621102	
-166.63303015	
-165.23429895	
-165.11931014	
-160.72446424	
-161.64336173	
-163.35836943	
-154.54078416	
-155.81002115	
-162.44881153	
-160.50190363	
-172.06922613	
-174.47757674	
-162.62507966	
-173.21433171	
-174.08430903	
-190.58925679	
-194.48769882	
-164.68349721	
-168.97629855	
-173.12685963	
-175.11288937	
-171.56458565	
-174.92190740	
-170.55846084	
-177.78342618	
-190.56400883	
-182.15283361	
-178.11857424	
-195.34809074	
-195.23307182	
-199.56058323	
-191.82876186	
-191.80340804	
-187.79324033	
-202.44532253	
-200.19640946	
-200.33228246	
-179.36810075	
-180.38727912	
-189.19439520	
-187.42446565	
-187.28894197	
-188.64309577	
-186.31941049	
-180.57626585	
-174.52990046	
-175.76830269	
-182.95044622	
-167.07600994	
-183.47109429	
-168.75913960	
-168.92486379	
-200.90275000	
-212.48248010	
-192.08165091	
-195.64109044	
-193.85227561	
-190.00748314	
-175.95885941	
-172.91135476	
-171.68120969	
-171.68120969	
-164.59709884	
-164.37771165	
-173.66995828	
-173.99841790	
-185.83243697	
-193.03506257	
-190.51559233	
-187.06102051	
-172.39512848	
-172.77995599	
-172.04664751	
-172.72466732	
-172.20076022	
-172.24546043	
-174.05589000	
-183.16089403	
-181.43232038	
-182.59940494	
-185.10276904	
-186.46140712	
-176.06595286	
-179.88613014	
-176.55045110	
-175.14530081	
-172.74833977	
-166.49111832	
-167.22824329	
-175.28544220	
-175.28544220	
-175.17390207	
-178.76655827	
-181.88770946	
-165.21047604	
-165.35341997	
-177.46088105	
-179.50736921	
-179.50736921	
-178.45635227	
-174.44135455	
-179.84996111	
-176.27274044	
-158.16227580	
-168.01876723	
-167.95341002	
-173.10670115	
-172.52090342	
-141.08743854	
-140.32189755	
-137.77697494	
-134.41164449	
-155.38644042	
-172.94740639	
-171.56215308	
-171.67765664	
-167.91339003	
-165.72148085	
-179.24906908	
-179.88497636	
-166.30794981	
-160.59114843	
-154.20950139	
-189.15921820	
-184.17559730	
-174.01111641	
-174.53115798	
-178.63904859	
-178.47852392	
-179.16767642	
-179.22406667	
-179.26573624	
-179.86034403	
-176.46686414	
-179.28841186	
-172.43241145	
-172.64549504	
-173.18560074	
-170.44417399	
-169.14409511	
-161.96508593	
-161.88705538	
-160.35694695	
-162.24364187	
-167.96690079	
-168.39175489	
-168.49290382	
-168.68764931	
-183.63342079	
-187.21814574	
-188.12117484	
-150.86830159	
-173.67190840	
-173.91172666	
-172.13310435	
-171.43077291	
-178.61202040	
-162.53817889	
-163.77698403	
-162.46480210	
-161.75363249	
-163.38970480	
-165.90416549	
-164.10455993	
-163.02128766	
-163.75665096	
-158.27115879	
-175.26882858	
-169.94757397	
-197.24858621	
-183.89095383	
-211.65778986	
-211.41823354	
-192.16624403	
-150.80715209	
-142.65822704	
-153.25953834	
-197.79528521	
-192.61753218	
-193.33783195	
-193.45265886	
-165.73891468	
-181.60511645	
-185.02471366	
-173.20539223	
-169.85431091	
-171.40911856	
-173.87702685	
-166.33684211	
-170.77109781	
-170.64335386	
-175.27252779	
-167.42981809	
-170.24199839	
-153.11617593	
-149.52805969	
-149.52805969	
-145.93971510	
-192.37500083	
-194.26213149	
-162.19624414	
-162.23712129	
-161.22588604	
-163.71818189	
-162.10085133	
-169.79273787	
-171.00698247	
-171.22467587	
-169.60181255	
-162.50898371	
-189.08950656	
-190.51340536	
-203.56281400	
-185.64046591	
-186.16736610	
-189.22613977	
-151.90749158	
-169.52539337	
-166.40987540	
-166.28648577	
-152.51614735	
-148.20327953	
-152.21811604	
-204.54406368	
-182.76271444	
-169.13681223	
-168.76471390	
-173.76292220	
-176.10292033	
-176.29369942	
-182.09172726	
-177.86389026	
-177.29923794	
-173.67591040	
-173.67591040	
-173.23936823	
-173.66871523	
-173.87178028	
-174.59190732	
-177.76779525	
-178.26235855	
-178.26235855	
-178.26235855	
-207.21475763	
-206.74245427	
-159.56085674	
-193.08952449	
-187.53264060	
-191.62533971	
-193.76867181	
-192.27323609	
-180.71096425	
-163.97809082	
-155.24177641	
-147.94873794	
-151.31631966	
-164.36272278	
-162.89530778	
-172.51674459	
-173.68432762	
-172.30500672	
-191.62725936	
-190.41499715	
-189.70837402	
-182.66514226	
-169.69911687	
-167.12214911	
-168.23036850	
-164.23255336	
-170.16024272	
-171.84922977	
-159.47476945	
-160.05679809	
-161.51504275	
-159.62096538	
-163.72168178	
-212.44087006	
-164.33243994	
-209.86218876	
-213.79629473	
-209.93573895	
-188.12169751	
-174.85583444	
-170.96894035	
-174.45208715	
-174.02964271	
-183.94474639	
-184.28514149	
-168.40137248	
-168.27589488	
-172.57597711	
-182.82846837	
-177.29175784	
-187.87762924	
-183.88220981	
-184.52063646	
-187.66976952	
-189.25571193	
-192.11301142	
-190.64586926	
-175.49840524	
-174.89360862	
-177.00602390	
-178.61708682	
-178.49113957	
-201.39279994	
-193.64386892	
-179.23642959	
-180.99343871	
-178.97763311	
-179.53151679	
-178.73408396	
-182.01125076	
-145.57841426	
-140.89985582	
-141.04860005	
-143.51363000	
-143.29128877	
-158.35850280	
-160.88738155	
-156.63390166	
-165.20490937	
-171.54833093	
-178.45312338	
-176.79621692	
-178.82073003	
-167.21737649	
-167.99072608	
-185.21061324	
-170.86970606	
-173.17317990	
-173.97325940	
-166.63917126	
-168.89444215	
-167.69838368	
-193.28965604	
-152.62809554	
-199.33538919	
-196.23214466	
-187.50049334	
-189.94467749	
-171.21765526	
-167.75396356	
-167.75396356	
-167.75396356	
-168.19753633	
-166.91230601	
-173.92407471	
-172.90518197	
-175.88961181	
-180.31848852	
-199.46320880	
-171.44978050	
-186.69733004	
-158.27179804	
-184.37651692	
-178.08529756	
-177.05484737	
-178.31384375	
-178.21442313	
-177.76666858	
-183.97261687	
-170.91152966	
-170.14015294	
-214.77124982	
-202.58586684	
-196.52975195	
-197.77874803	
-195.51982408	
-200.08304574	
-200.34442412	
-187.27382160	
-180.63279899	
-180.77843410	
-177.71447241	
-179.38637868	
-175.82076477	
-173.46165571	
-170.83203418	
-167.92426549	
-176.88426316	
-167.09844388	
-182.48293242	
-184.03467142	
-181.97499102	
-182.32144856	
-186.95609091	
-186.86932940	
-183.71845726	
-182.21543630	
-157.83349940	
-163.86827492	
-162.82764951	
-162.37936363	
-166.88481594	
-167.32370860	
-169.37773943	
-154.26709211	
-161.37479346	
-155.81737226	
-163.62580744	
-162.21725374	
-160.77699206	
-161.09372187	
-152.70408756	
-151.27279522	
-161.50363314	
-152.93035702	
-192.58840241	
-182.78612194	
-184.75530645	
-186.31686705	
-174.48809474	
-171.70995822	
-171.15771060	
-171.15771060	
-155.28814333	
-151.36596991	
-162.02480554	
-158.03263785	
-157.08684910	
-188.54448841	
-190.78075384	
-190.78075384	
-189.17819588	
-189.46877639	
-195.89119752	
-187.72202628	
-183.14244999	
-163.98064086	
-182.53975471	
-180.80697064	
-182.23009058	
-181.45598931	
-177.25047521	
-176.02495959	
-176.15638665	
-166.81710395	
-166.75645527	
-166.78072973	
-167.55138087	
-157.14377941	
-156.53560229	
-156.98474984	
-160.40594221	
-160.42500732	
-158.35885523	
-161.57480904	
-162.31636621	
-161.12883342	
-144.70366253	
-159.93274065	
-161.91371637	
-161.09368904	
-163.39855185	
-164.61280348	
-159.10992345	
-182.88648041	
-183.34638377	
-182.32622549	
-177.33691376	
-188.89509057	
-189.85801509	
-189.65940863	
-166.07772210	
-164.91840447	
-154.59753884	
-154.76884128	
-155.21237557	
-165.89562211	
-172.53832884	
-164.97511892	
-189.56762218	
-189.16627049	
-190.49940517	
-195.41032673	
-193.77705717	
-162.64847085	
-187.17147163	
-181.87031852	
-198.63987906	
-179.34223225	
-179.45614816	
-180.60347084	
-207.11457649	
-197.22633144	
-179.51336126	
-181.17626347	
-177.50141167	
-176.80201608	
-179.17186749	
-181.46697387	
-181.60242888	
-181.77364396	
-186.05647181	
-185.28345013	
-182.51129007	
-180.95312275	
-179.75213817	
-179.22187708	
-155.25148961	
-161.26391118	
-161.05893383	
-159.65571426	
-163.23991489	
-190.53690389	
-193.44860634	
-189.67556804	
-188.86826839	
-180.78451489	
-184.40385694	
-181.71628711	
-183.18179332	
-184.85516967	
-192.70951307	
-185.09403477	
-185.63859707	
-158.62921782	
-191.49576475	
-193.88012502	
-193.39919507	
-171.19190179	
-171.27476531	
-171.27476531	
-171.85952215	
-171.84637311	
-151.24532086	
-175.57816494	
-160.13702013	
-172.12608930	
-173.64862912	
-173.64862912	
-197.85645681	
-190.99392354	
-187.12256877	
-174.82667530	
-176.60418186	
-178.44029176	
-181.22717987	
-204.65831174	
-205.89247417	
-202.40420658	
-195.07061449	
-202.82639670	
-167.29966420	
-172.31315714	
-169.92564286	
-161.09427932	
-160.63300805	
-160.08406335	
-194.31939452	
-194.75649810	
-195.71985448	
-197.19980302	
-197.10528035	
-198.74004533	
-174.30052113	
-172.95324141	
-180.85117402	
-180.32293736	
-187.55993826	
-182.55768356	
-172.47167349	
-171.87637564	
-173.44083407	
-169.99962723	
-169.41054116	
-162.22506034	
-177.63688928	
-155.02853248	
-152.76915291	
-152.80014454	
-158.94830109	
-174.02673627	
-173.03753050	
-171.07250809	
-171.50453725	
-170.82913336	
-170.82913336	
-160.06478505	
-155.00954213	
-171.14422920	
-170.79940696	
-175.84040672	
-178.06279030	
-178.06408125	
-141.82294612	
-143.34531476	
-143.68584017	
-160.99772997	
-167.19993830	
-159.81191952	
-163.08522056	
-156.10676149	
-161.21510095	
-167.95657923	
-167.53965710	
-167.83960120	
-168.37212369	
-171.24347295	
-179.51735180	
-181.46796989	
-178.36910567	
-178.29955713	
-180.14467896	
-177.50758067	
-177.20026166	
-180.95544059	
-192.73783375	
-192.69790734	
-169.16803885	
-168.07508875	
-167.64717955	
-170.20284967	
-170.48393572	
-170.77423776	
-166.83326392	
-158.35451198	
-208.95510249	
-207.37713389	
-210.44239067	
-210.44239067	
-207.61472791	
-146.36633753	
-150.89001651	
-154.46565676	
-155.86869045	
-154.84635595	
-177.24002230	
-176.75487040	
-173.75543375	
-170.12867915	
-180.79700985	
-181.59767691	
-174.00524412	
-169.92719799	
-169.70075692	
-161.95117891	
-166.04482454	
-170.29289488	
-170.09319236	
-170.27590155	
-167.75553804	
-167.66638230	
-170.09072985	
-172.02623423	
-170.16318876	
-180.21651374	
-185.18413448	
-181.86871978	
-180.10173533	
-176.93375491	
-179.51454265	
-204.79710141	
-209.02328495	
-194.29485652	
-194.05657907	
-194.73182937	
-179.24094832	
-176.18762343	