
5.27930680	30.00000000	0.00000000	0.00000000	0.00000000	
6.00225022	29.11132684	-1.67606104	0.17598047	0.00000000	
5.89039083	30.51505036	-3.53262272	-1.17978705	1.38814849	
5.89039083	30.51505036	-3.53262272	0.25731241	1.38814849	
5.89039083	32.29383215	-5.22480081	0.25731241	1.38814849	
5.89039083	32.29383215	-5.22480081	0.25731241	-0.44550699	
6.80529836	33.52300521	-5.22480081	0.25731241	-1.73756250	
6.80529836	33.52300521	-5.22480081	0.25731241	-1.73756250	
6.70302252	33.52300521	-7.09861408	0.25731241	-1.73756250	
6.70302252	34.05110836	-7.09861408	0.25731241	-1.73756250	
7.51022586	34.05110836	-7.09861408	0.60334075	-1.73756250	
7.51022586	34.95296943	-6.77223197	0.60334075	-3.41185580	
7.51022586	34.61019635	-6.77223197	0.60334075	-3.41185580	
7.51022586	34.61019635	-7.42319906	0.60334075	-4.78177196	
7.51022586	34.61019635	-8.95826690	0.60334075	-5.16376219	
7.51022586	34.61019635	-8.80039376	0.60334075	-6.40186518	
7.51022586	34.47592202	-9.17365152	0.60334075	-6.40186518	
7.58567734	34.47592202	-9.11414864	0.60334075	-6.95999105	
5.67359148	33.86710471	-9.11414864	0.60334075	-8.74967292	
5.67359148	33.86710471	-7.58603162	0.60334075	-10.14773521	
5.67359148	32.13787235	-6.73429586	0.60334075	-12.05364677	
5.67359148	31.44276184	-6.73429586	0.60334075	-13.61782234	
5.67359148	30.16263837	-6.75903253	0.60334075	-15.25618719	
5.67359148	30.16263837	-4.89188829	0.60334075	-15.81305760	
5.67359148	28.52285960	-3.65880562	0.60334075	-15.81305760	
4.97120639	28.52285960	-4.44957151	0.60334075	-15.81305760	
4.97120639	27.75228450	-4.44957151	0.60334075	-15.81305760	
4.97120639	27.75228450	-5.38135856	0.60334075	-17.26582669	
4.97120639	27.44816507	-5.60949852	0.60334075	-17.26582669	
4.97120639	25.45014496	-5.89259782	0.60334075	-17.26582669	
4.97120639	25.45014496	-5.04201222	0.60334075	-17.14028652	
4.97120639	25.45014496	-5.38356134	0.60334075	-18.75449300	
4.97120639	26.36173392	-5.07572147	0.60334075	-18.54474964	
4.97120639	26.36173392	-4.81963307	0.60334075	-18.54474964	
4.97120639	26.36173392	-4.42505829	0.60334075	-18.54474964	
4.97120639	26.36173392	-4.42505829	0.60334075	-18.54474964	
5.35127089	26.62265202	-5.37159965	0.60334075	-17.99689196	
5.35127089	27.14660367	-5.37159965	0.12525328	-17.99689196	
5.35127089	27.14660367	-5.94105462	0.12525328	-18.34951820	
5.31760488	27.14660367	-5.94105462	0.33078012	-18.34951820	
5.31760488	27.14660367	-5.94105462	0.33078012	-18.34951820	
5.31760488	27.77666820	-4.69243065	0.33078012	-18.34951820	
5.31760488	28.22808865	-4.69243065	0.33078012	-17.69686149	
5.31760488	28.19531275	-4.69243065	0.33078012	-17.69686149	
5.31760488	28.19531275	-4.03795265	0.33078012	-18.39101562	
4.94004596	27.64005433	-4.60172473	0.01636616	-18.79249262	
4.94004596	27.64005433	-4.60172473	0.01636616	-18.60398796	
4.94004596	27.64005433	-4.60172473	0.01636616	-18.60398796	
4.94004596	27.64005433	-4.60172473	0.01636616	-18.60398796	
4.94004596	27.64005433	-4.60172473	-0.49882249	-18.60398796	
4.81954332	27.78402880	-4.60172473	-0.49882249	-18.60398796	
4.81954332	27.78402880	-4.60172473	-0.49882249	-18.60398796	
4.81954332	27.19349299	-4.60172473	-0.49882249	-18.60398796	
4.81954332	27.50410143	-4.60172473	-0.49882249	-18.60398796	
4.81954332	27.50410143	-4.54324469	-0.49882249	-18.60398796	
4.81954332	26.67692422	-4.54324469	-0.49882249	-18.60398796	
4.81954332	26.67692422	-4.54324469	-0.49882249	-18.60398796	
4.81954332	27.48689283	-4.54324469	-0.41430993	-18.60398796	
4.81954332	25.83399465	-4.21482045	-0.41430993	-18.60398796	
4.81954332	25.83399465	-3.11961091	-0.88839201	-18.65646510	
4.81954332	25.83399465	-1.75582263	-0.88839201	-18.65646510	
4.81954332	26.27546768	-1.70540263	-0.88839201	-18.65646510	
4.81954332	26.27546768	-2.51337554	-0.88839201	-18.65646510	
4.81954332	25.71824800	-2.51337554	-0.88839201	-18.71911374	
4.81954332	25.71824800	-2.51337554	-0.88839201	-19.39173028	
4.87960394	25.71824800	-3.60012027	-0.88839201	-19.39173028	
4.87960394	25.71824800	-3.60012027	-0.88839201	-19.39173028	
4.87960394	25.71824800	-3.60012027	-0.88839201	-19.39173028	
4.87960394	25.97979237	-3.60012027	-0.88839201	-19.21112620	
4.78144782	25.97979237	-3.63073355	-0.88839201	-19.21112620	
4.78144782	26.28190365	-4.16131581	-0.88839201	-19.21112620	
4.78144782	27.91993354	-4.16131581	-0.88839201	-19.21112620	
4.78144782	27.25475102	-2.88588294	-0.88839201	-19.21112620	
4.78144782	25.49742616	-2.88588294	-0.88839201	-19.21112620	
4.61652253	25.49742616	-2.88588294	-0.88839201	-18.95110866	
4.57986572	26.94630440	-2.88588294	-0.88839201	-18.95110866	
4.57986572	26.94630440	-2.88588294	-1.12435056	-18.95110866	
4.57986572	26.94630440	-2.88588294	-1.12435056	-18.95110866	
5.23012419	26.94630440	-2.93553317	-1.12435056	-18.95110866	
5.23012419	26.31485135	-2.25578799	-1.55122238	-18.95110866	
5.10568221	26.31485135	-2.79779860	-1.55122238	-18.89231747	
5.10568221	26.31485135	-2.79779860	-0.92103246	-18.89231747	
5.10568221	26.19239027	-2.79779860	-0.92103246	-18.48722069	
5.10568221	26.19239027	-2.79779860	-0.92103246	-18.48722069	
5.10568221	25.93353711	-2.76838509	-0.92103246	-18.48722069	
5.10568221	25.94762179	-2.76838509	-0.92103246	-18.97940612	
5.10568221	25.94762179	-2.55727505	-0.92103246	-18.97940612	
5.10568221	25.09527581	-2.55727505	-0.92103246	-18.97940612	
5.10568221	25.09527581	-2.55727505	-0.92103246	-18.97940612	
5.10568221	25.09527581	-2.25636520	-0.92103246	-18.97940612	
5.10568221	25.09527581	-2.25636520	-0.92103246	-19.03409185	
5.37847422	25.09527581	-2.25636520	-0.76768863	-19.03409185	
5.37847422	25.09527581	-2.75935112	-0.76768863	-19.03409185	
5.37847422	25.09527581	-2.10672847	-0.75499028	-19.03409185	
5.37847422	25.25264649	-2.10672847	-0.75499028	-19.03409185	
5.37847422	24.98351886	-2.10672847	-0.75499028	-19.03409185	
5.37847422	24.84737504	-2.37260724	-0.75499028	-19.03409185	
5.37847422	25.38442088	-2.37260724	-0.75499028	-19.03409185	
5.37847422	25.38442088	-2.37260724	-0.75499028	-19.03409185	
5.37847422	24.37675722	-2.37260724	-0.75499028	-19.03409185	
5.48616979	23.86754131	-2.37260724	-0.75499028	-19.03409185	
5.48616979	24.18306684	-1.98414127	-1.08007467	-19.03409185	
5.48616979	24.61341201	-1.98414127	-1.08007467	-19.03409185	
5.48616979	24.65344536	-1.98414127	-1.08007467	-18.41951430	
5.48616979	24.65344536	-0.46193389	-1.08007467	-18.41951430	
5.48616979	24.65344536	-1.03525303	-1.08007467	-18.41951430	
5.87775717	24.51381127	-1.03525303	-1.08007467	-18.41951430	
5.87775717	23.80433285	-1.03525303	-1.08007467	-18.41951430	
5.87775717	23.80433285	-1.03525303	-1.08007467	-18.41951430	
5.87775717	23.80433285	-1.03525303	-1.08007467	-18.41951430	
5.87775717	23.80433285	-1.03525303	-1.08007467	-18.41951430	
5.87775717	23.95727266	-1.03525303	-1.08007467	-18.41951430	
5.87775717	23.47919898	-1.03525303	-1.08007467	-18.19956976	
5.87775717	23.47919898	-1.03525303	-1.08007467	-18.19956976	
5.87775717	24.11452932	-1.03525303	-1.08007467	-18.09156631	
5.87775717	24.11452932	-1.03525303	-1.08007467	-18.09156631	
5.87775717	24.11452932	-1.03525303	-1.07538349	-18.32888404	
5.73628066	24.11452932	-1.03525303	-1.07538349	-17.50106952	
5.73628066	24.23341646	-0.67303277	-1.07538349	-17.50106952	
5.73628066	24.23341646	-0.67303277	-1.07538349	-18.33664306	
5.73628066	24.23341646	-0.67303277	-1.07538349	-18.33664306	
5.73628066	24.23341646	-0.67303277	-1.07538349	-18.30351046	
5.73628066	23.69865982	-0.67303277	-1.07538349	-18.30351046	
5.93911820	23.69830304	-0.32413210	-1.07538349	-18.30351046	
5.93911820	22.46950183	-0.32413210	-1.07538349	-18.30351046	
5.92322683	23.94627582	-0.32413210	-1.07538349	-18.30351046	
5.92322683	23.32114699	-0.32413210	-1.07538349	-18.30351046	
5.77955639	23.32114699	-1.18969100	-1.07538349	-18.30351046	
5.77955639	23.67419442	-1.18969100	-1.07538349	-18.30351046	
5.77955639	24.76864902	-1.18969100	-1.07538349	-18.30351046	
5.77955639	24.40519595	-1.18969100	-1.07538349	-18.30351046	
5.65401680	24.40519595	-1.22895389	-1.07538349	-18.30351046	
5.65401680	24.40519595	-1.22895389	-1.07538349	-18.30351046	
5.65401680	24.40519595	-1.22895389	-1.07538349	-18.30351046	
5.65401680	24.20186156	-1.22895389	-1.07538349	-18.30351046	
5.65401680	24.20186156	-1.22895389	-1.07538349	-18.25807968	
5.65401680	24.16768282	-0.75835033	-1.07538349	-18.25807968	
5.65401680	24.95752128	-1.23451349	-1.07538349	-18.25807968	
5.65401680	24.95752128	-1.23451349	-1.07538349	-17.86855762	
5.65401680	24.95752128	-1.23451349	-1.07538349	-17.86855762	
5.65401680	24.94269615	-1.23451349	-1.07538349	-17.86855762	
5.65401680	24.94269615	-1.23451349	-1.07538349	-17.86855762	
5.65401680	24.94269615	-0.99586365	-1.07538349	-17.86855762	
5.65401680	22.99073152	0.03865108	-1.07538349	-17.86855762	
5.65401680	23.78437896	-1.27895979	-1.04631302	-17.86855762	
5.65401680	24.54167583	-0.75208706	-1.04631302	-17.86855762	
5.65401680	24.54167583	-0.75208706	-1.04631302	-17.97332324	
5.82921437	24.54167583	-1.10485878	-1.04631302	-17.97332324	
5.67982147	23.98814387	-1.10485878	-1.04631302	-17.97332324	
5.67982147	23.87487706	-0.40009565	-1.26648354	-17.97332324	
5.67982147	25.21072918	-0.40009565	-1.18326110	-17.97332324	
5.67982147	25.17786577	-0.40009565	-1.51990021	-17.97332324	
5.67982147	25.17786577	-0.21407796	-1.51990021	-17.97332324	
5.67982147	24.87591082	-0.21407796	-1.51990021	-17.97332324	
5.67982147	24.87591082	-0.21407796	-1.51990021	-17.97332324	
5.67982147	24.87591082	-0.61778290	-1.50521257	-17.97332324	
5.49678802	24.87591082	-0.61778290	-1.50521257	-17.97332324	
5.49678802	25.56318987	-0.61778290	-1.50521257	-17.97332324	
5.49678802	25.56318987	-2.18471133	-1.50521257	-17.97332324	
5.49678802	25.56318987	-1.34125270	-1.50521257	-17.97332324	
5.49678802	25.31944746	-1.34125270	-1.40937773	-17.97332324	
5.49678802	25.31944746	-1.34125270	-1.40937773	-17.97332324	
5.49678802	26.21229824	-0.45005295	-1.40937773	-17.97332324	
5.49678802	25.02266887	-0.45005295	-1.40937773	-17.97332324	
5.40951924	25.33012633	-1.24311452	-1.33727882	-17.97332324	
5.67971376	26.24035445	-1.24311452	-1.33727882	-17.97332324	
5.67971376	25.81145148	-1.24311452	-1.33727882	-17.97332324	
5.67971376	25.81145148	-1.81033866	-1.33727882	-17.97332324	
5.67971376	25.04395006	-1.70249248	-1.33727882	-17.97332324	
5.66211523	26.38666678	-1.37218869	-1.33727882	-17.97332324	
5.66211523	26.38666678	-1.37218869	-1.33727882	-17.97332324	
5.18713204	26.38666678	-1.37218869	-1.33727882	-17.97332324	
5.18713204	26.38666678	-1.37218869	-1.33727882	-17.97332324	
5.18713204	26.40776950	-1.37218869	-1.33727882	-17.97332324	
5.18713204	26.40776950	-1.37218869	-1.33727882	-17.97332324	
5.43604168	26.40776950	-1.37218869	-1.33727882	-17.97332324	
5.43604168	26.40776950	-1.37218869	-1.33727882	-17.97332324	
5.40862984	26.58816047	-0.85845392	-1.33727882	-17.97332324	
5.40862984	27.09337114	-0.85845392	-1.33727882	-17.97332324	
4.55282308	27.09337114	-2.51219625	-1.33727882	-18.98804309	
4.63205039	28.18965139	-2.57554665	-1.33727882	-18.98804309	
4.63205039	28.17276679	-3.35438091	-1.33727882	-18.98804309	
4.63205039	28.17276679	-3.35438091	-1.33727882	-18.98804309	
4.63205039	28.17276679	-3.29248261	-1.33727882	-18.98804309	
4.63205039	26.65428979	-1.88629398	-1.33727882	-18.64825093	
4.63205039	26.65428979	-1.88629398	-1.33727882	-18.64825093	
4.63205039	26.65428979	-1.88629398	-1.33727882	-18.64825093	
4.63205039	26.65428979	-1.88629398	-1.33727882	-18.64825093	
4.63205039	25.94351846	-1.88629398	-1.33727882	-18.22499301	
4.63205039	25.94351846	-0.94988794	-1.33727882	-18.22499301	
4.63205039	25.94351846	-1.51215197	-1.33727882	-18.52880852	
4.72318872	26.59758882	-1.51215197	-1.33727882	-18.52880852	
4.72318872	26.94464632	-1.81986050	-1.54367020	-18.52880852	
5.14191166	26.94464632	-1.81986050	-1.51201745	-18.52880852	
5.14191166	26.52030161	-1.81986050	-1.43326704	-18.52880852	
5.14191166	27.59050179	-1.81986050	-1.43326704	-18.52880852	
5.14191166	27.61784106	-1.81986050	-1.43326704	-18.52880852	
5.14191166	26.45787494	-0.74043033	-1.43326704	-17.25657312	
5.14191166	26.45787494	-0.74043033	-1.43326704	-17.34780148	
5.14191166	26.45787494	-0.74043033	-1.43326704	-17.34780148	
5.14191166	26.48151648	-0.74043033	-1.43326704	-17.34780148	
5.14191166	26.48151648	-0.81604509	-1.43326704	-17.34780148	
5.14191166	26.48151648	-0.81604509	-1.43326704	-17.34780148	
5.14191166	26.21035417	-0.81604509	-1.43326704	-17.34780148	
5.14191166	27.61636046	-0.81604509	-2.05886189	-17.62028960	
5.14191166	27.61636046	-0.58569341	-1.83109824	-17.62028960	
5.14191166	27.82465297	0.00433982	-1.83109824	-17.62028960	
5.14191166	26.23201278	0.00433982	-1.83109824	-17.62028960	
5.14191166	27.97933238	0.00433982	-1.83109824	-17.62028960	
5.14191166	27.97933238	0.00433982	-1.83109824	-17.62028960	
5.14191166	27.97933238	0.68929570	-2.59181220	-17.62028960	
5.14191166	27.97933238	0.68929570	-2.59181220	-17.62028960	
5.14191166	27.97933238	0.68929570	-2.56422922	-17.62028960	
5.14191166	27.10642903	0.87740453	-1.73384652	-17.62028960	
5.14191166	26.32249082	0.21859371	-1.71282454	-17.62028960	
5.14191166	26.32249082	0.21859371	-1.71282454	-17.62028960	
5.14191166	26.32249082	0.14403010	-1.71282454	-17.62028960	
5.14191166	25.89438790	0.14403010	-1.84376196	-17.62028960	
5.45005505	25.89438790	1.18635171	-1.84376196	-17.62028960	
5.45005505	25.89438790	0.47449554	-1.84376196	-17.62028960	
5.52732168	25.89438790	0.47449554	-1.84376196	-17.62028960	
4.95087323	25.62015273	0.82519407	-2.35009855	-17.62028960	
4.95087323	25.62015273	0.82519407	-1.55983389	-17.62028960	
5.67452285	25.62015273	0.82519407	-1.55983389	-17.62028960	
5.67452285	24.13294468	0.82519407	-2.07605072	-17.62028960	
5.67452285	24.13294468	0.82519407	-2.07605072	-17.62028960	
5.67452285	24.13294468	0.82519407	-2.14456525	-17.62028960	
5.67452285	23.72852561	1.89051885	-2.14456525	-17.62028960	
5.67452285	23.72852561	3.22312091	-2.14456525	-17.30705320	
5.67452285	23.72852561	3.22312091	-2.19781835	-17.30705320	
5.67452285	23.72852561	3.06639729	-2.19781835	-17.30705320	
5.67452285	24.12346927	3.58652229	-2.19781835	-16.59925868	
5.67452285	24.12346927	5.06864861	-2.19781835	-16.59925868	
5.67452285	24.05962902	5.06864861	-2.19781835	-16.59925868	
5.67452285	25.25457937	3.89929114	-2.19781835	-16.59925868	
5.67452285	25.72979259	3.78775676	-2.19781835	-16.59925868	
5.67452285	25.72979259	1.87620637	-2.19781835	-16.59925868	
5.21577399	26.91165599	3.81301221	-2.19781835	-16.59925868	
5.21577399	26.91165599	3.85203646	-2.19781835	-16.59925868	
5.21577399	26.09635031	3.19964832	-2.19781835	-16.59925868	
5.22679528	26.72346950	3.19964832	-2.19781835	-16.59925868	
5.22679528	26.72346950	3.19964832	-2.19781835	-16.59925868	
5.22679528	26.72346950	3.19964832	-2.19781835	-17.13833606	
5.22679528	25.92436768	3.19964832	-2.19781835	-17.00113044	
5.22679528	25.11136712	3.19964832	-2.19781835	-17.00113044	
5.22679528	24.83338025	3.19964832	-2.19781835	-17.00113044	
5.22679528	24.83338025	3.19964832	-2.19781835	-17.00113044	
5.22679528	24.10852920	3.61895332	-2.19781835	-17.00113044	
5.22679528	24.10852920	3.61895332	-2.19781835	-17.00113044	
5.22679528	24.37321045	3.61895332	-2.19781835	-17.00113044	
5.22679528	24.03236360	3.61895332	-2.19781835	-17.12573258	
5.22679528	25.62451813	3.61895332	-2.19781835	-17.12573258	
5.22679528	25.62451813	3.61895332	-2.19781835	-17.12573258	
5.22679528	25.62451813	3.54062546	-2.19781835	-17.12573258	
5.22679528	26.15378665	3.54062546	-2.19781835	-17.12573258	
5.22679528	26.24545519	3.54062546	-2.19781835	-17.12573258	
5.22679528	26.24545519	3.54062546	-2.19781835	-16.80303182	
5.22679528	26.24545519	3.54062546	-2.19781835	-16.80303182	
5.22679528	26.56741701	3.54062546	-2.19781835	-16.80303182	
5.22679528	26.56741701	3.54062546	-2.19781835	-16.80303182	
5.22679528	27.66423082	3.54062546	-2.19781835	-16.80303182	
5.22679528	27.22433882	3.54062546	-2.19781835	-16.80303182	
5.22679528	26.96378961	3.54062546	-2.19781835	-16.80303182	
5.58470554	26.46464065	3.54062546	-2.19781835	-16.80303182	
5.58470554	26.46954241	3.54062546	-2.19781835	-16.30870732	
5.58470554	26.46954241	3.54062546	-2.19781835	-16.30870732	
5.87688961	25.11463803	3.84679000	-2.19781835	-16.30870732	
5.87688961	25.11463803	4.20979092	-2.19781835	-16.05130734	
5.87688961	25.11463803	4.20979092	-2.19781835	-16.05130734	
5.87688961	25.11463803	4.20979092	-2.19781835	-16.30281709	
5.87688961	23.21046606	4.20979092	-1.66828399	-16.28509644	
5.87688961	23.21046606	3.75080334	-1.66828399	-16.28509644	
5.87688961	23.21046606	3.75080334	-1.66828399	-16.28509644	
5.87688961	23.73112556	3.75080334	-1.66828399	-16.28509644	
5.87688961	23.73112556	3.66577972	-1.66828399	-16.28509644	
5.87688961	23.73112556	3.66577972	-1.66828399	-16.28509644	
5.87688961	24.25289644	3.66577972	-1.70449789	-16.28509644	
5.72520693	24.69588111	3.66577972	-1.70449789	-16.28509644	
5.72520693	24.69588111	3.66577972	-1.70449789	-16.53645077	
5.72520693	24.69588111	3.66577972	-1.70449789	-16.29494219	
5.72520693	24.69588111	3.66577972	-1.70449789	-16.29494219	
5.72520693	24.69588111	3.66577972	-1.70449789	-16.29494219	
5.65807105	24.16886454	3.66577972	-1.70449789	-16.29494219	
5.65807105	24.14418467	3.66577972	-1.70449789	-16.29494219	
5.65807105	24.14418467	3.66577972	-1.70449789	-16.29494219	
5.65807105	24.40741618	3.66577972	-1.70449789	-16.29494219	
5.65807105	24.21073272	3.66778646	-1.70449789	-16.29494219	
5.65807105	24.21073272	3.10763136	-1.70449789	-16.40617557	
5.65807105	24.21073272	3.10763136	-1.70449789	-16.40617557	
5.65807105	24.21073272	3.10763136	-1.75116954	-16.40617557	
5.65807105	24.21073272	3.10763136	-1.82595000	-16.40617557	
5.65807105	24.08194933	3.10763136	-1.82595000	-17.08388491	
5.67875592	24.08194933	2.67835377	-1.82595000	-17.08388491	
5.67875592	24.08194933	2.67835377	-1.82595000	-17.08388491	
5.67875592	24.08194933	2.67835377	-1.82595000	-17.08388491	
5.42633726	24.08194933	3.16942088	-1.82595000	-17.08388491	
5.42633726	24.08194933	3.16942088	-1.82595000	-17.08388491	
5.42633726	24.08194933	3.16942088	-1.82595000	-17.08388491	
5.42633726	24.08194933	3.16942088	-1.82595000	-17.08388491	
5.42633726	24.35283190	3.16942088	-1.82595000	-17.08388491	
5.42633726	24.35283190	3.16942088	-1.82595000	-17.10162871	
5.42633726	23.99934249	3.16942088	-1.82595000	-17.10162871	
5.42633726	23.60234070	3.16942088	-1.82595000	-17.10162871	
5.42633726	23.60234070	3.16942088	-1.82595000	-17.10162871	
5.42633726	23.60234070	3.16942088	-1.82595000	-17.00874139	
5.48569221	24.49069052	3.31030101	-1.82595000	-17.00874139	
5.48569221	23.92020049	3.69318185	-1.82595000	-17.00874139	
5.48569221	24.74105769	3.69318185	-1.82595000	-16.93066053	
5.48569221	24.94894838	3.69318185	-1.82595000	-16.93066053	
5.48569221	24.94894838	3.69318185	-1.82595000	-16.93066053	
5.48569221	24.94894838	3.76048945	-1.82595000	-16.93066053	
5.48569221	24.94894838	3.76958494	-1.82595000	-16.93066053	
5.48569221	24.94894838	3.76958494	-1.82595000	-16.93066053	
5.48569221	24.94894838	3.76958494	-1.82595000	-16.93066053	
5.48569221	24.94894838	3.74444119	-1.82595000	-16.93066053	
5.48569221	24.94894838	3.74444119	-1.82595000	-16.93066053	
5.48569221	24.94894838	3.74444119	-1.82595000	-16.93066053	
5.57346381	24.94894838	3.74444119	-1.82595000	-16.76199409	
5.57346381	24.69233826	3.74444119	-1.82595000	-16.76199409	
5.57346381	24.69233826	3.74444119	-1.82595000	-16.76199409	
5.57346381	24.69233826	3.74444119	-1.82595000	-16.76199409	
5.57346381	24.70143094	4.43851998	-1.82595000	-16.76199409	
5.57346381	22.98439466	4.43851998	-1.82595000	-16.76199409	
5.57346381	22.98439466	4.43851998	-1.82595000	-16.76199409	
5.22372722	24.85313017	4.43851998	-2.18531394	-16.76199409	
5.22372722	25.48281816	4.43851998	-2.18531394	-16.76199409	
5.22372722	25.48281816	4.43851998	-2.18531394	-16.76199409	
5.22372722	26.17648659	4.53932716	-2.18531394	-16.76199409	
5.22372722	26.23801055	4.53932716	-2.18531394	-16.76199409	
5.22372722	26.23801055	4.53932716	-2.18531394	-16.76199409	
5.41470574	26.23801055	4.11447813	-2.18531394	-16.76199409	
5.41470574	26.23801055	4.11447813	-2.18531394	-16.76199409	
5.41470574	26.52898033	4.11447813	-2.18531394	-16.76199409	
5.41470574	26.52898033	2.91648886	-2.03147631	-16.76199409	
5.41470574	26.52898033	1.93812289	-2.16099979	-16.30775613	
5.41470574	26.52898033	1.93812289	-2.16099979	-16.75754902	
4.97739645	26.52898033	3.77661976	-2.51530501	-16.75754902	
4.97739645	26.52898033	3.77661976	-2.23416326	-16.75754902	
4.97739645	26.52898033	3.77661976	-2.23416326	-16.75754902	
4.97739645	27.34619209	5.36272062	-2.23416326	-16.75754902	
3.92445659	27.34619209	6.49236442	-2.06619435	-16.75754902	
3.92445659	28.37524091	8.12316644	-2.06619435	-16.75754902	
3.64535553	28.37524091	8.12316644	-2.06619435	-16.95177360	
4.61525081	29.70155866	8.12316644	-2.06619435	-16.85184296	
4.61525081	29.52829941	7.37868191	-2.38732263	-16.85184296	
4.61525081	29.52829941	7.21590468	-2.38732263	-16.85184296	
4.61525081	29.52829941	7.71842655	-2.38732263	-16.85184296	
4.61525081	31.33751390	8.03790492	-2.38732263	-17.16209186	
4.54702694	31.33751390	7.21724097	-2.38732263	-17.16209186	
4.54702694	31.33751390	7.45217307	-2.38732263	-17.16209186	
4.54702694	31.33751390	7.45217307	-2.38732263	-17.16209186	
4.54702694	31.33751390	7.45217307	-2.38732263	-17.39156982	
4.54702694	30.90486606	7.45217307	-2.38732263	-17.39156982	
4.54702694	30.90486606	7.45217307	-2.38732263	-17.39156982	
5.23458937	30.90486606	7.45217307	-2.38732263	-17.39156982	
5.23458937	28.94751300	8.36089994	-2.38732263	-17.39156982	
5.23458937	28.94751300	8.05074250	-2.38732263	-17.39156982	
5.82133103	28.94751300	8.05074250	-2.38732263	-17.39156982	
5.82133103	29.48409284	8.05074250	-2.38732263	-17.39156982	
5.82133103	29.05129048	8.05074250	-2.38732263	-17.39156982	
5.82133103	29.05129048	8.05074250	-2.38732263	-17.39156982	
6.02629954	29.05129048	8.05074250	-2.38732263	-17.39156982	
6.02629954	29.05129048	8.48015020	-2.38732263	-17.39156982	
6.02629954	29.05129048	7.71667021	-2.38732263	-17.39156982	
6.02629954	28.84670123	7.71667021	-2.38732263	-17.39156982	
6.02629954	28.96592199	7.71667021	-2.38732263	-17.39156982	
6.02629954	28.96592199	7.71667021	-2.38732263	-17.39156982	
6.02629954	28.96592199	7.78325386	-2.38732263	-17.39156982	
6.02629954	28.81294430	8.44206525	-2.38732263	-17.39156982	
6.02629954	28.81294430	8.44206525	-2.38732263	-17.39156982	
6.02629954	28.81294430	8.44206525	-2.38732263	-17.39156982	
6.02629954	28.81294430	8.44206525	-2.49080293	-17.39156982	
6.02629954	28.81294430	8.40977073	-2.49080293	-17.39156982	
6.02629954	28.83217249	8.40977073	-2.49080293	-17.39156982	
6.02629954	28.83217249	9.08370814	-2.49080293	-17.39156982	
6.02629954	28.27783562	9.08370814	-2.49080293	-17.39156982	
6.02629954	28.34466173	9.08370814	-2.49080293	-17.39156982	
6.02629954	28.34466173	9.08370814	-2.53854900	-17.39156982	
6.02629954	28.34466173	9.08370814	-2.53854900	-17.39156982	
6.02629954	28.34466173	9.08370814	-2.53854900	-17.39156982	
6.02629954	28.59182396	9.08370814	-2.53854900	-17.39156982	
6.02629954	28.59182396	9.08370814	-2.53854900	-17.39156982	
6.02629954	28.59182396	9.08370814	-2.53854900	-17.36328451	
6.02629954	28.59182396	9.08370814	-2.53854900	-17.36328451	
5.99184951	28.59182396	9.25659003	-2.53854900	-17.36328451	
5.99184951	28.59182396	9.25659003	-2.53854900	-17.39095003	
5.99184951	28.59182396	9.25659003	-2.53854900	-17.39095003	
5.99184951	28.59182396	9.25659003	-2.53854900	-17.39095003	
5.99184951	28.59182396	9.25659003	-2.53854900	-17.39095003	
6.14664848	28.60538664	9.25659003	-2.53854900	-17.39095003	
6.14664848	28.63701440	9.25659003	-2.53854900	-17.39095003	
6.14664848	28.63701440	9.25659003	-2.53854900	-17.39095003	
6.14664848	28.63701440	9.25659003	-2.53854900	-17.39095003	
6.14664848	28.63701440	9.25659003	-2.48274943	-17.39095003	
6.14664848	28.63701440	9.25659003	-2.48274943	-17.28734301	
6.14664848	27.84770067	9.23202245	-2.48274943	-17.28734301	
6.44453616	27.84770067	8.90912362	-2.48274943	-17.28734301	
6.46536296	27.16963215	8.90912362	-2.48274943	-17.28734301	
6.36617692	27.93976894	8.90912362	-2.48274943	-17.28734301	
6.36617692	28.44950307	8.71375091	-2.48274943	-17.28734301	
6.36617692	28.44950307	8.71375091	-2.48274943	-17.28734301	
6.36617692	28.54523335	8.71375091	-2.48274943	-17.28734301	
6.36617692	28.54523335	8.71375091	-2.48274943	-17.28734301	
6.36617692	28.66189750	8.71375091	-2.48274943	-17.28734301	
6.36617692	28.66189750	8.72960504	-2.48274943	-17.28734301	
6.36617692	28.66189750	8.72960504	-2.48274943	-17.28734301	
6.36617692	28.66189750	8.71078643	-2.48274943	-17.28734301	
6.36617692	28.66189750	8.71078643	-2.48274943	-17.28734301	
6.36617692	28.66189750	8.71078643	-2.48274943	-17.28734301	
6.36617692	28.66189750	8.71078643	-2.52277917	-17.57740256	
6.36617692	28.66189750	8.71078643	-2.52277917	-17.57740256	
6.36617692	28.66189750	8.71078643	-2.52277917	-17.57740256	
6.36617692	28.66189750	8.71078643	-2.52277917	-17.57740256	
6.36617692	28.66189750	8.71078643	-2.52277917	-17.57740256	
6.36617692	28.93963076	7.99367880	-2.52277917	-17.57740256	
6.36617692	28.93963076	7.99367880	-2.52277917	-17.57740256	
6.36617692	28.71203258	7.99367880	-2.52277917	-17.57740256	
6.36617692	28.71203258	7.99367880	-2.52277917	-17.57740256	
6.36617692	28.71203258	7.99367880	-2.52277917	-17.57740256	
6.36617692	28.71203258	8.59225374	-2.70076489	-17.57740256	
6.36617692	28.71203258	9.37857162	-2.70076489	-17.57740256	
6.36617692	28.71203258	9.37857162	-2.70076489	-17.57740256	
6.36617692	28.71203258	9.32125065	-2.70076489	-17.57740256	
6.36617692	28.23546273	9.32125065	-2.70076489	-17.57740256	
6.36617692	28.23546273	9.32125065	-2.70076489	-17.57740256	
6.58578214	27.83458228	9.45854246	-2.70076489	-17.57740256	
6.58578214	27.83458228	9.45854246	-2.70076489	-17.57740256	
6.58578214	27.93474625	9.45854246	-2.70076489	-17.57740256	
6.58578214	27.93474625	9.45854246	-2.70076489	-17.57740256	
6.58578214	28.06586761	9.45854246	-2.70076489	-17.57740256	
6.58578214	28.06586761	9.45854246	-2.61995176	-17.57740256	
6.58578214	27.42622873	9.45854246	-2.61995176	-17.57740256	
6.58578214	27.17501881	9.45854246	-2.61995176	-17.57740256	
6.58578214	27.17501881	9.45854246	-2.61995176	-17.57740256	
6.58578214	27.17501881	9.45854246	-2.61995176	-17.57740256	
6.58578214	27.17501881	9.45854246	-2.61995176	-17.65643952	
6.58578214	27.17501881	9.45854246	-2.61995176	-17.65643952	
6.58578214	27.17501881	9.45854246	-2.61995176	-17.65643952	
6.58578214	27.17501881	9.45854246	-2.61995176	-17.65643952	
6.58578214	27.17501881	9.45854246	-2.61995176	-17.68221015	
6.58578214	26.97055243	9.45854246	-2.61995176	-17.68221015	
6.58578214	26.97055243	9.45854246	-2.61995176	-17.68221015	
6.58578214	26.97055243	9.45854246	-2.61995176	-17.68221015	
6.31088651	26.97055243	9.45854246	-2.61995176	-17.68221015	
6.31088651	26.97055243	9.90292902	-2.61995176	-17.68221015	
6.31088651	26.97055243	9.90292902	-2.61995176	-17.68221015	
6.31088651	27.33555538	9.90292902	-2.61995176	-17.68221015	
6.31088651	27.33555538	9.90292902	-2.61995176	-17.68221015	
6.31088651	27.33555538	9.46470581	-2.61995176	-17.68221015	
6.31088651	27.33555538	9.29664030	-2.61995176	-17.68221015	
6.31088651	27.33555538	9.20102489	-2.61995176	-17.68221015	
6.31088651	27.33555538	9.20102489	-2.61995176	-17.68221015	
6.31088651	28.10563710	9.20102489	-2.68701681	-17.68221015	
6.31088651	28.10563710	9.20102489	-2.68701681	-17.68221015	
6.32965931	28.10563710	9.20102489	-2.68701681	-17.68221015	
6.32965931	28.10563710	9.98146446	-2.68701681	-17.68221015	
6.32965931	28.10563710	9.98146446	-2.68701681	-17.68221015	
6.32965931	28.10563710	9.69055774	-2.68701681	-17.68221015	
6.32965931	28.10563710	9.69055774	-2.68701681	-17.70840550	
6.32965931	28.10563710	9.65251027	-2.68701681	-17.70840550	
6.32965931	28.10563710	9.16751182	-2.68701681	-17.70840550	
6.32965931	28.10563710	9.16751182	-2.68701681	-17.70840550	
6.32965931	28.10563710	9.16751182	-2.68701681	-17.70840550	
6.32965931	28.10563710	9.16751182	-2.68701681	-17.70840550	
6.32965931	28.10563710	9.16751182	-2.68701681	-17.70840550	
6.14078027	28.10563710	9.16751182	-2.68701681	-17.70840550	
6.14078027	28.10563710	9.16751182	-2.68701681	-17.70840550	
6.14078027	28.10563710	9.16751182	-2.68701681	-17.62120817	
6.14078027	28.10563710	9.16751182	-2.68701681	-17.62120817	
6.14078027	28.10563710	9.16751182	-2.68701681	-17.62120817	
6.14078027	28.10563710	9.16751182	-2.68701681	-17.62120817	
6.14078027	28.10563710	9.16751182	-2.68701681	-17.62120817	
6.14078027	28.72183451	9.16751182	-2.68701681	-17.62120817	
6.14078027	28.72183451	8.73942338	-2.68701681	-17.62120817	
6.14078027	28.72183451	8.73942338	-2.68701681	-17.62120817	
6.14078027	28.72183451	8.49563838	-2.68701681	-17.62120817	
6.14078027	28.72183451	8.47690615	-2.68701681	-17.62120817	
6.14078027	28.72183451	8.47690615	-2.68701681	-17.62120817	
6.14078027	28.72183451	8.78692657	-2.68701681	-17.62120817	
6.14078027	28.72183451	8.78692657	-2.68701681	-17.53923954	
6.03082701	28.85639452	8.98517388	-2.68701681	-17.53923954	
6.03082701	28.85639452	8.98517388	-2.68701681	-17.69710830	
6.03082701	28.85639452	8.25918150	-2.68701681	-17.78100176	
6.03082701	28.85639452	8.25918150	-2.68701681	-17.78100176	
6.05445245	28.85639452	8.25918150	-2.68701681	-17.78100176	
6.04974037	28.85639452	8.25918150	-2.68701681	-17.78100176	
6.04974037	28.85639452	8.25918150	-2.68701681	-17.78100176	
6.04974037	29.19434455	8.25918150	-2.68701681	-17.78100176	
6.04974037	29.19434455	8.32616202	-2.68701681	-17.78100176	
6.04974037	29.19434455	8.32616202	-2.68701681	-17.78100176	
6.04974037	28.66114318	8.32616202	-2.68701681	-17.78100176	
6.04974037	28.66114318	8.32616202	-2.68701681	-17.78100176	
6.04974037	28.66114318	8.32616202	-2.68701681	-17.78100176	
6.04974037	29.14552154	8.32616202	-2.68701681	-17.78100176	
6.04974037	29.14552154	8.32616202	-2.68701681	-17.78100176	
6.04974037	29.14552154	8.32616202	-2.68701681	-17.78100176	
6.04974037	28.89766609	8.20363308	-2.68701681	-17.78100176	
6.04974037	28.89766609	8.20363308	-2.68701681	-17.78100176	
6.04974037	29.15140746	8.20363308	-2.68701681	-17.78100176	
6.04974037	29.15140746	8.20363308	-2.68701681	-17.78100176	
6.04974037	29.15140746	8.20363308	-2.68701681	-17.78100176	
6.04974037	29.15140746	8.20363308	-2.68701681	-17.78100176	
6.04974037	29.15140746	8.59920216	-2.68701681	-17.78100176	
6.04974037	29.08900051	8.59920216	-2.68701681	-17.78100176	
5.97858541	29.48343939	8.59920216	-2.68701681	-17.78100176	
5.97858541	29.48343939	8.59920216	-2.68701681	-17.78100176	
5.97858541	29.48343939	8.59920216	-2.68701681	-17.78100176	
5.97858541	29.48343939	8.59920216	-2.68701681	-17.78100176	
5.97858541	29.48343939	8.59920216	-2.68701681	-17.78100176	
5.97858541	29.48343939	8.59920216	-2.68701681	-17.78100176	
5.97858541	29.48343939	8.59920216	-2.68701681	-17.78100176	
5.97858541	29.52326421	8.59920216	-2.68701681	-17.78100176	
5.97858541	29.17085541	8.59920216	-2.68701681	-17.78100176	
5.97858541	29.17085541	8.59920216	-2.68701681	-17.78100176	
5.97858541	29.17085541	8.59920216	-2.68701681	-17.78100176	
6.12531684	29.17085541	8.59920216	-2.68701681	-17.78100176	
6.12531684	29.17085541	8.59920216	-2.68701681	-17.78100176	
6.12531684	29.17085541	8.59920216	-2.68701681	-17.78100176	
6.12531684	29.17085541	8.59920216	-2.68701681	-17.78100176	
6.12531684	29.17085541	8.59920216	-2.68701681	-17.78100176	
6.12531684	29.17085541	8.59920216	-2.68701681	-17.78100176	
6.12531684	29.17085541	8.59920216	-2.68701681	-17.78100176	
6.12531684	29.17085541	8.59920216	-2.68701681	-17.78100176	
6.12531684	29.17085541	8.59920216	-2.68701681	-17.78100176	
6.17528723	29.17085541	8.59920216	-2.68701681	-17.78100176	
6.17528723	29.17085541	8.59920216	-2.68701681	-17.78100176	
6.17528723	29.17085541	8.59920216	-2.68701681	-17.78100176	
6.17528723	29.17085541	8.59920216	-2.68701681	-17.78100176	
6.17528723	28.72211919	8.59920216	-2.68701681	-17.78100176	
6.31444908	28.72211919	8.59920216	-2.68701681	-17.78100176	
6.31444908	28.72211919	8.79205979	-2.68701681	-17.78100176	
6.31444908	28.72211919	8.79205979	-2.68701681	-17.68490926	
6.31444908	28.72211919	8.79205979	-2.68701681	-17.68490926	
6.31444908	28.72211919	8.79205979	-2.68701681	-17.68490926	
6.31444908	28.72211919	8.79205979	-2.68701681	-17.68490926	
6.31444908	28.72211919	8.79205979	-2.68701681	-17.68490926	
6.31444908	28.03181475	8.79205979	-2.68701681	-17.74506494	
6.31444908	28.03181475	8.63143511	-2.68701681	-17.81781138	
6.31444908	28.42819974	8.63143511	-2.68701681	-17.81781138	
6.31444908	27.88097113	8.63143511	-2.68701681	-17.81781138	
6.31444908	27.88097113	8.63143511	-2.68701681	-17.81781138	
6.31444908	27.85750542	8.63143511	-2.68701681	-17.81781138	
6.31444908	27.85750542	8.63143511	-2.68701681	-17.81781138	
6.31444908	27.85750542	8.63143511	-2.68701681	-17.81781138	
6.31444908	27.85750542	8.63143511	-2.68701681	-17.81781138	
6.31444908	27.85750542	8.63143511	-2.68701681	-17.81781138	
6.31444908	27.85750542	8.63143511	-2.68701681	-17.76072445	
6.31444908	27.85750542	8.63143511	-2.68701681	-17.76072445	
6.31444908	27.85750542	8.63143511	-2.68701681	-17.76072445	
6.31444908	27.85750542	8.63143511	-2.68701681	-17.76072445	
6.31444908	27.85750542	8.63143511	-2.68701681	-17.76072445	
6.52782848	27.85750542	8.63143511	-2.68701681	-17.76072445	
6.52782848	27.85750542	8.63143511	-2.68701681	-17.76072445	
6.52782848	27.85750542	8.63143511	-2.68701681	-17.76072445	
6.52782848	27.85750542	8.63143511	-2.68701681	-17.76072445	
6.29928302	28.13652975	9.18007005	-2.68701681	-17.76072445	
6.29928302	28.13652975	9.18007005	-2.68701681	-17.76072445	
6.20764991	28.13652975	9.18007005	-2.68701681	-17.76072445	
6.23359367	28.13652975	8.56325710	-2.68701681	-17.76072445	
6.23359367	28.13652975	8.56325710	-2.68701681	-17.76072445	
6.23359367	28.13652975	8.56325710	-2.68701681	-17.76072445	
6.23359367	28.15104090	8.56325710	-2.68701681	-17.76072445	
6.23359367	28.51354763	8.56325710	-2.68701681	-17.76072445	
6.23359367	28.51354763	8.56325710	-2.68701681	-17.76072445	
6.23359367	28.03682804	8.56325710	-2.68701681	-17.76072445	
6.23359367	27.94625784	8.56325710	-2.68701681	-17.76072445	
6.23359367	27.94625784	8.94149083	-2.68701681	-17.76072445	
6.23359367	27.94625784	8.94149083	-2.68701681	-17.76072445	
6.27693886	27.94625784	8.94149083	-2.68701681	-17.76072445	
6.27693886	28.60214946	8.94149083	-2.68701681	-17.76072445	
6.27693886	28.60214946	8.94149083	-2.68701681	-17.76072445	
6.27693886	28.09018774	8.94149083	-2.68701681	-17.76072445	
6.27693886	28.09018774	8.94149083	-2.68701681	-17.76072445	
6.27693886	28.09018774	8.94149083	-2.68701681	-17.69061965	
6.27693886	28.09018774	8.94149083	-2.68701681	-17.69061965	
6.27693886	28.09018774	8.94149083	-2.68701681	-17.69061965	
6.27693886	28.18936090	8.94149083	-2.68701681	-17.69061965	
6.27693886	28.18936090	8.94149083	-2.68701681	-17.69061965	
6.27693886	28.18936090	8.94149083	-2.68701681	-17.69061965	
6.27693886	28.18936090	8.94149083	-2.68701681	-17.69061965	
6.27693886	28.18936090	8.94149083	-2.68701681	-17.69061965	
6.34393717	28.18936090	8.94149083	-2.68701681	-17.69061965	
6.34393717	28.18936090	8.94149083	-2.68701681	-17.69061965	
6.34393717	28.18936090	9.32308576	-2.68701681	-17.69061965	
6.34393717	28.18936090	9.32308576	-2.68701681	-17.69061965	
6.34393717	27.82415895	9.32308576	-2.68701681	-17.69061965	
6.34393717	27.97228596	9.32308576	-2.68701681	-17.69061965	
6.03835311	28.13791444	9.32308576	-2.68701681	-17.69061965	
6.03835311	28.13791444	9.32308576	-2.68701681	-17.69061965	
6.03835311	28.13791444	9.32308576	-2.68701681	-17.58652252	
6.03835311	29.22133770	9.32308576	-2.68701681	-17.58652252	
6.03835311	29.22133770	8.45275917	-2.68701681	-17.55676027	
6.03835311	29.22133770	8.45275917	-2.68701681	-17.55676027	
6.03835311	29.22133770	8.45275917	-2.68701681	-17.55676027	
6.03835311	29.22133770	8.45275917	-2.68701681	-17.55395074	
6.03835311	29.22133770	8.45275917	-2.68701681	-17.55395074	
6.03835311	29.22133770	8.45275917	-2.68701681	-17.55395074	
6.03835311	29.22133770	8.45275917	-2.68701681	-17.55395074	
6.03835311	29.22133770	9.00119105	-2.68701681	-17.55395074	
6.03835311	29.22133770	9.00119105	-2.68701681	-17.55395074	
6.03835311	28.46142399	8.72738156	-2.68701681	-17.55395074	
6.03835311	28.99943770	8.72738156	-2.68701681	-17.55395074	
6.03835311	28.99943770	8.72738156	-2.68701681	-17.55395074	
6.03835311	28.99943770	8.72738156	-2.68701681	-17.55395074	
6.03835311	28.99943770	8.72738156	-2.68701681	-17.40207036	
6.03835311	28.99943770	9.39005283	-2.68701681	-17.40207036	
6.03835311	28.99943770	9.39005283	-2.68701681	-17.40207036	
6.03835311	28.52666612	9.39005283	-2.68701681	-17.42739101	
6.03835311	28.52666612	9.39005283	-2.68701681	-17.42739101	
6.03835311	28.92972772	9.40773901	-2.68701681	-17.42739101	
6.04908288	28.40888068	9.40773901	-2.68701681	-17.42739101	
6.04908288	28.40888068	9.40773901	-2.68701681	-17.42739101	
6.04908288	28.40888068	9.40773901	-2.68701681	-17.42739101	
6.04908288	28.44117609	9.40773901	-2.68701681	-17.13376719	
6.08593068	28.44117609	9.40773901	-2.75085437	-17.32976676	
6.27891562	28.44117609	9.40773901	-2.75085437	-17.32976676	
6.27891562	28.44117609	9.40773901	-2.75085437	-17.32976676	
6.27891562	28.44117609	9.40773901	-2.75085437	-17.32976676	
6.27891562	28.44117609	9.40773901	-2.75085437	-17.32976676	
6.27891562	28.44117609	9.40773901	-2.75085437	-17.32976676	
6.27891562	28.30152974	10.04127761	-2.75085437	-17.32976676	
6.27891562	28.30152974	10.04127761	-2.75085437	-17.32976676	
6.27891562	27.64690488	10.04127761	-2.75085437	-17.32976676	
6.27891562	27.64690488	10.04127761	-2.75085437	-17.32976676	
6.27891562	27.64690488	10.04127761	-2.75085437	-17.32976676	
6.27891562	27.76625735	10.04907498	-2.75085437	-17.32976676	
6.27891562	27.13137220	10.04907498	-2.75085437	-17.32976676	
6.27891562	27.13137220	10.04907498	-2.75085437	-17.32976676	
6.27891562	27.13137220	10.04907498	-2.75085437	-17.32976676	
6.27891562	26.98753056	10.04907498	-2.75085437	-17.32976676	
6.27891562	26.98753056	10.04907498	-2.68519309	-17.32976676	
6.27891562	26.98753056	10.04907498	-2.68519309	-17.32976676	
6.27891562	27.93021329	9.38833373	-2.68519309	-17.32976676	
6.27891562	27.93021329	10.04037454	-2.68519309	-17.04620609	
6.27891562	27.93021329	10.04037454	-2.84739399	-17.04620609	
6.27891562	27.93021329	10.04037454	-2.84739399	-17.04620609	
6.27891562	27.93021329	10.02834026	-2.84739399	-17.04620609	
6.27891562	27.93021329	10.86419678	-2.84739399	-17.04620609	
6.27891562	27.93021329	10.90405766	-2.84739399	-17.04620609	
6.27891562	27.57515612	10.90405766	-2.84739399	-17.04620609	
6.27891562	27.57515612	10.90405766	-2.84739399	-17.04620609	
6.27891562	27.57515612	10.76373930	-2.84739399	-17.04620609	
6.27891562	27.57515612	10.76373930	-2.84739399	-17.04620609	
6.27891562	27.57515612	10.76373930	-2.84739399	-17.04620609	
6.27891562	27.57515612	10.76373930	-2.84739399	-17.04620609	
6.27891562	27.57515612	10.76373930	-2.84739399	-17.04620609	
6.27891562	27.57515612	10.76373930	-2.84739399	-17.04620609	
6.27891562	27.57515612	10.76373930	-2.84739399	-17.04620609	
6.27891562	28.37459228	10.76373930	-2.84739399	-17.04620609	
6.27891562	28.37459228	10.76373930	-2.84739399	-17.04620609	
6.27891562	28.37459228	10.76373930	-2.84739399	-17.04620609	
6.27800091	28.39910425	10.78524586	-2.84739399	-17.04620609	
6.27800091	28.21435879	10.64009031	-2.84739399	-17.04620609	
6.27800091	28.21435879	10.64009031	-2.84739399	-17.04620609	
6.27800091	28.21435879	10.64009031	-2.84739399	-17.04620609	
6.27800091	28.21435879	10.19045264	-2.84739399	-17.04620609	
6.27800091	28.21435879	10.19045264	-2.84739399	-17.14188555	
6.27800091	28.21435879	10.19045264	-2.84739399	-17.14188555	
6.27800091	28.21435879	10.19045264	-2.84739399	-17.14188555	
6.27800091	28.91781286	9.56402505	-2.84739399	-17.14188555	
6.27800091	28.91781286	9.80107209	-2.84739399	-17.14188555	
6.27800091	28.91781286	9.80107209	-2.84739399	-17.14188555	
6.27800091	28.91781286	9.80107209	-2.84739399	-17.14188555	
6.27800091	28.91781286	9.80107209	-2.84739399	-17.00691255	
6.27800091	28.24627704	9.80107209	-2.84739399	-17.00691255	
6.27800091	28.98156685	9.80107209	-2.84739399	-17.00691255	
6.27800091	28.98156685	9.80107209	-2.84739399	-17.00691255	
6.27800091	28.98156685	9.80107209	-2.84739399	-17.00691255	
6.27800091	28.98156685	9.80107209	-2.84739399	-17.00691255	
6.27800091	28.98156685	9.80107209	-2.84739399	-17.00691255	
6.27800091	28.60305178	9.80107209	-2.84739399	-17.00691255	
6.27800091	28.62437130	9.80107209	-2.84739399	-17.00691255	
6.27800091	28.62437130	10.47777338	-2.84739399	-17.00691255	
6.27800091	27.94824489	10.47777338	-2.84739399	-17.00691255	
6.27800091	28.21139135	10.47777338	-2.84739399	-17.00691255	
6.27800091	28.21139135	10.47777338	-2.84739399	-17.00691255	
6.27800091	28.39454266	10.12580173	-2.84739399	-17.00691255	
6.27800091	28.39454266	10.12580173	-2.84739399	-17.00691255	
6.27800091	28.39454266	10.12580173	-2.84739399	-17.00691255	
6.27800091	28.39454266	10.07934072	-2.84739399	-16.91133968	
6.27800091	28.39454266	10.52390774	-2.84739399	-16.91133968	
6.27800091	28.39454266	10.52390774	-2.84739399	-16.91133968	
6.27800091	28.39454266	10.52390774	-2.84739399	-16.91133968	
6.27800091	28.39454266	10.52390774	-2.84739399	-16.91133968	
6.27800091	28.39454266	10.37673324	-2.84739399	-16.91133968	
6.27800091	28.13905536	10.37673324	-2.84739399	-16.91133968	
6.27800091	28.13905536	10.37673324	-2.84739399	-16.91133968	
6.27800091	28.13548203	10.73298706	-2.84739399	-16.87247205	
6.27800091	27.83215489	10.88397037	-2.84739399	-16.87247205	
6.27800091	27.83215489	10.88397037	-2.84739399	-16.87247205	
6.27800091	27.83215489	10.88397037	-2.84739399	-16.87247205	
6.27800091	27.83215489	10.88397037	-2.84739399	-16.96612872	
6.27800091	27.83215489	10.88397037	-2.84739399	-16.96612872	
6.27800091	27.83215489	10.88397037	-2.84739399	-16.96612872	
6.27800091	27.83215489	10.88397037	-2.84739399	-16.96612872	
6.15526001	27.83215489	10.88397037	-2.84739399	-16.96612872	
6.15526001	27.83215489	10.88397037	-2.84739399	-16.96612872	
6.15526001	27.83215489	10.88397037	-2.84739399	-16.96612872	
6.15526001	27.83215489	10.88397037	-2.84739399	-16.96612872	
6.15526001	27.83215489	10.88397037	-2.84739399	-16.96612872	
6.15526001	27.83215489	10.88397037	-2.84739399	-16.96612872	
6.15526001	27.83215489	10.88397037	-2.84739399	-16.96612872	
6.15526001	27.83215489	10.88397037	-2.84739399	-16.96612872	
6.15526001	27.83215489	10.88397037	-2.84739399	-16.96612872	
6.15526001	27.83215489	10.88397037	-2.84739399	-16.96612872	
6.15526001	27.83215489	10.88397037	-2.84739399	-16.96612872	
6.15526001	28.36822796	10.88397037	-2.84739399	-16.96612872	
6.15526001	28.36822796	10.88397037	-2.84739399	-16.96612872	
6.15526001	28.36822796	10.88397037	-2.83943127	-16.96612872	
6.15526001	28.36822796	10.78443600	-2.83943127	-16.96612872	
6.15526001	28.36822796	10.78443600	-2.83943127	-16.96612872	
6.15526001	28.07138842	10.78443600	-2.83943127	-16.96612872	
6.48595779	28.07138842	10.78443600	-2.83943127	-16.96612872	
6.56627924	28.07138842	10.48217055	-2.83943127	-16.96612872	
6.56627924	28.07138842	10.48217055	-2.83943127	-16.96612872	
6.56627924	27.83251300	10.76205775	-2.83943127	-16.96612872	
6.56627924	27.83251300	10.69799708	-2.83943127	-16.96612872	
6.56627924	27.83251300	10.69799708	-2.83943127	-16.96612872	
6.56627924	27.83251300	10.69799708	-2.83943127	-16.96612872	
6.56627924	27.83251300	10.69799708	-2.83943127	-16.96612872	
6.56627924	27.83251300	10.68065841	-2.83943127	-16.96612872	
6.58029027	27.83251300	10.68065841	-2.83943127	-16.96612872	
6.58029027	27.93547024	10.68065841	-2.83943127	-16.96612872	
6.58029027	27.93547024	10.68065841	-2.83943127	-16.96612872	
6.65126124	27.66417774	10.70549719	-2.83943127	-16.96612872	
6.65126124	27.66417774	10.48926906	-2.83943127	-16.96612872	
6.65126124	27.66417774	10.48926906	-2.83943127	-16.96612872	
6.65126124	27.66417774	10.48926906	-2.83943127	-16.96997231	
6.65126124	27.66417774	10.48926906	-2.83943127	-16.96997231	
6.65126124	27.66417774	10.48926906	-2.83943127	-16.96997231	
6.65126124	27.33658926	10.48926906	-2.83943127	-17.08425859	
6.65126124	27.33658926	10.48926906	-2.83943127	-17.08425859	
6.65126124	27.09962405	10.63775203	-2.83943127	-16.98087578	
6.65126124	27.39605962	10.63775203	-2.83943127	-16.98087578	
6.65126124	27.39605962	10.63775203	-2.83943127	-16.86331452	
6.65126124	27.39605962	10.63775203	-2.83943127	-16.86331452	
6.58838897	27.37005620	10.63775203	-2.83943127	-16.86331452	
6.58838897	27.37005620	11.05859333	-2.83943127	-16.86331452	
6.58838897	27.17565997	10.82219262	-2.83943127	-16.86331452	
6.58838897	27.17565997	10.82219262	-2.83943127	-17.07727960	
6.58838897	27.17565997	10.82219262	-2.83943127	-17.07727960	
6.58838897	27.17565997	10.82219262	-2.83943127	-17.07727960	
6.58838897	27.17565997	10.82219262	-2.83943127	-17.07727960	
6.58838897	27.17565997	10.82219262	-2.83943127	-17.07727960	
6.58838897	28.00395891	10.82219262	-2.83943127	-17.07727960	
6.58838897	28.00395891	10.82219262	-2.94976833	-17.07727960	
6.58838897	28.00395891	10.82219262	-2.94976833	-17.07727960	
6.58838897	28.00395891	10.75495579	-2.94976833	-17.07727960	
6.58838897	28.37798058	10.75495579	-2.94976833	-17.06045325	
6.58838897	27.77799617	10.75495579	-2.94976833	-17.06045325	
6.58838897	27.77799617	10.75495579	-2.94976833	-17.06045325	
6.58838897	27.77799617	10.75495579	-2.94976833	-16.83520430	
6.58838897	27.77799617	10.75495579	-2.94976833	-16.83520430	
6.43544896	28.09712067	10.75495579	-2.94976833	-16.83520430	
6.43544896	28.09712067	11.22660750	-2.94976833	-16.83520430	
6.43544896	28.09712067	11.51873146	-2.94976833	-16.83520430	
6.43544896	27.74028491	11.51873146	-2.94976833	-16.83520430	
6.43544896	28.27322184	11.51873146	-2.94976833	-16.83520430	
6.43544896	28.27322184	11.11745185	-2.94976833	-16.83520430	
6.43544896	28.27322184	11.11745185	-2.94976833	-16.83520430	
6.43544896	28.27322184	11.11745185	-2.94976833	-16.83520430	
6.43544896	28.27322184	11.11745185	-2.94976833	-16.83520430	
6.43544896	28.06629491	11.35725249	-2.94976833	-16.83520430	
6.43544896	28.14340244	11.35725249	-2.94976833	-16.83520430	
6.43544896	28.14340244	11.35725249	-2.94976833	-16.83520430	
6.43544896	28.14340244	11.35725249	-2.94976833	-16.83520430	
6.43544896	28.14340244	11.35725249	-2.94976833	-16.83520430	
6.43544896	28.14340244	11.35725249	-2.94976833	-16.83520430	
6.43544896	28.30423843	11.20920355	-2.94976833	-16.83520430	
6.43544896	27.62075635	11.20920355	-2.94976833	-16.84135901	
6.43544896	27.62075635	11.20920355	-2.94976833	-16.84135901	
6.43544896	27.62075635	11.27373565	-2.89539743	-16.84135901	
6.43544896	27.62075635	11.27373565	-2.89539743	-16.84135901	
6.43544896	27.62075635	11.27373565	-2.89539743	-16.84135901	
6.43544896	27.62075635	11.27373565	-2.89539743	-16.84135901	
6.43544896	27.62075635	11.27373565	-2.89539743	-16.84135901	
6.43544896	27.62075635	11.27373565	-2.89539743	-16.84135901	
6.43544896	27.62075635	11.27373565	-2.89539743	-16.84135901	
6.43544896	27.62075635	11.27373565	-2.89539743	-16.84135901	
6.43544896	27.62075635	11.27373565	-2.89539743	-16.84135901	
6.43544896	27.63942566	11.27373565	-2.89539743	-16.84135901	
6.43544896	27.63942566	11.27373565	-2.89539743	-16.84135901	
6.43544896	27.63942566	11.27373565	-2.92375490	-16.84135901	
6.43544896	27.63942566	11.27373565	-2.92375490	-16.84135901	
6.43544896	28.46605883	11.27373565	-2.92375490	-16.84135901	
6.35976886	28.46605883	11.27373565	-2.92375490	-16.96763397	
6.35976886	28.46605883	11.27373565	-2.92375490	-16.96763397	
6.35976886	27.91852644	11.27373565	-2.92375490	-16.96763397	
6.35976886	27.91852644	11.69921524	-2.92375490	-16.96763397	
6.35976886	27.75496229	10.91962180	-2.92375490	-16.96763397	
6.35976886	27.75496229	10.91962180	-2.92375490	-16.96763397	
6.35976886	27.75496229	10.91962180	-2.92375490	-17.05780334	
6.35976886	27.75496229	10.91962180	-2.92375490	-17.05780334	
6.35976886	27.75496229	10.91962180	-2.92375490	-17.05780334	
6.35976886	27.75496229	10.91962180	-2.92375490	-17.05780334	
6.35976886	27.75496229	10.91962180	-2.92375490	-17.05780334	
6.35976886	27.93702462	10.91962180	-2.92375490	-17.05780334	
6.35976886	27.93702462	10.91962180	-2.92375490	-17.05780334	
6.35976886	28.60507518	10.71633347	-2.92375490	-17.05780334	
6.35976886	28.60507518	10.71633347	-2.92375490	-17.05780334	
6.35976886	28.60507518	10.71633347	-2.92375490	-17.05780334	
6.35690680	28.82858260	10.71633347	-2.92375490	-17.05780334	
6.35690680	28.82858260	10.71633347	-2.92375490	-17.05780334	
6.35690680	28.41050642	10.71633347	-2.92375490	-17.05780334	
6.35690680	28.41050642	10.71633347	-2.92375490	-17.05780334	
6.35690680	28.41050642	10.71633347	-2.92375490	-17.05780334	
6.35690680	27.97368459	10.40323244	-2.92375490	-17.05780334	
6.35690680	27.97368459	10.40323244	-2.92375490	-17.05780334	
6.35690680	27.97368459	10.40323244	-2.80454060	-17.05780334	
6.35690680	27.78849831	10.40323244	-2.90920085	-17.05780334	
6.35690680	27.78849831	10.40323244	-2.90920085	-17.05780334	
6.35690680	27.56511132	10.40323244	-2.90920085	-17.05780334	
6.50248792	27.56511132	10.40323244	-2.90920085	-17.05780334	
6.68098897	27.56511132	10.40323244	-2.90920085	-17.05780334	
6.68098897	27.55082675	10.70418682	-2.90920085	-17.05780334	
6.68098897	27.90066364	10.70418682	-2.90920085	-17.05780334	
6.68098897	27.90066364	10.70418682	-2.90920085	-17.05780334	
6.68098897	27.90066364	10.62215556	-2.90920085	-17.05780334	
6.68098897	27.90066364	10.62215556	-2.90920085	-17.05780334	
6.68098897	27.90066364	10.62215556	-2.90920085	-17.05780334	
6.68098897	27.12772000	10.62215556	-2.90920085	-17.05780334	
6.68098897	27.12772000	10.62215556	-2.90920085	-17.05780334	
6.68098897	27.12772000	10.62215556	-2.90920085	-17.05780334	
6.68098897	27.64535135	10.62215556	-2.90920085	-17.05780334	
6.68098897	27.64535135	10.62215556	-2.90920085	-17.05780334	
6.68098897	27.64535135	10.62215556	-2.90920085	-17.05780334	
6.68098897	27.64535135	10.62215556	-2.90920085	-17.05780334	
6.68098897	27.64535135	10.62215556	-2.90920085	-17.05780334	
6.68098897	27.64535135	10.62215556	-2.90920085	-17.05780334	
6.68098897	27.56008220	10.62215556	-2.90920085	-17.05780334	
6.68098897	27.56008220	10.62215556	-2.90920085	-17.05780334	
6.68098897	27.38069071	10.62215556	-2.90920085	-17.05780334	
6.68098897	27.38069071	10.62215556	-2.90920085	-17.05780334	
6.68098897	27.21488842	10.67566934	-2.78308767	-17.16245102	
6.68098897	27.63668487	10.67566934	-2.78308767	-17.16245102	
6.68098897	27.38158995	10.67566934	-2.73192277	-17.16245102	
6.68098897	27.38158995	10.67566934	-2.73192277	-17.16245102	
6.68098897	27.07812931	10.12229464	-2.73192277	-17.16245102	
6.68098897	27.57380149	10.12229464	-2.73192277	-17.16245102	
6.68098897	27.57380149	10.12229464	-2.73192277	-17.16245102	
6.68098897	27.57380149	10.12229464	-2.73192277	-17.16245102	
6.68098897	27.57380149	10.12229464	-2.73192277	-17.16245102	
6.68098897	27.68219030	10.12229464	-2.73192277	-17.16245102	
6.68098897	27.68219030	10.12229464	-2.73192277	-17.16245102	
6.68098897	27.68219030	10.12229464	-2.73192277	-17.16245102	
6.68098897	27.68219030	10.12229464	-2.73192277	-17.16245102	
6.68098897	27.68219030	10.12229464	-2.88243112	-17.16245102	
6.68098897	27.68219030	10.12229464	-2.88243112	-17.16245102	
6.68098897	27.68219030	10.12229464	-2.88243112	-17.16245102	
6.68098897	27.68219030	10.12229464	-2.88243112	-17.16245102	
6.68098897	27.68219030	10.12229464	-2.88243112	-17.16245102	
6.68098897	27.68219030	10.12229464	-2.88243112	-17.16245102	
6.68098897	27.68219030	10.12229464	-2.88243112	-17.16245102	
6.68098897	27.68219030	10.12229464	-2.88243112	-17.16245102	
6.68098897	27.68219030	10.12229464	-2.88243112	-17.16245102	
6.68098897	27.01471041	10.12229464	-2.88243112	-17.16245102	
6.68098897	27.01471041	10.69322969	-2.88243112	-17.16245102	
6.68098897	27.01471041	10.69322969	-2.88243112	-17.16245102	
6.68098897	27.67010487	10.69322969	-2.88243112	-17.16245102	
6.68098897	27.67010487	10.69322969	-2.96161021	-17.16245102	
6.68098897	28.03766910	10.69322969	-2.96161021	-17.16245102	
6.68098897	26.77124128	10.69322969	-2.95983785	-17.16245102	
6.68098897	26.77124128	10.69322969	-2.95983785	-17.16245102	
6.68098897	27.26387042	10.69322969	-2.88984626	-17.16245102	
6.68098897	27.26387042	10.69322969	-2.88984626	-17.16245102	
6.68098897	27.26387042	10.69322969	-2.88984626	-17.16245102	
6.68098897	27.26387042	10.69322969	-2.88984626	-17.16245102	
6.68098897	27.26387042	10.69322969	-2.88984626	-17.16245102	
6.68098897	27.26387042	10.69322969	-2.88984626	-17.16245102	
6.68098897	27.26387042	10.69322969	-2.88984626	-17.16245102	
6.68098897	27.26387042	10.69322969	-2.88984626	-16.90238382	
6.68098897	27.26387042	10.69322969	-2.88526454	-16.90238382	
6.68098897	27.23814652	10.44857847	-2.88526454	-16.90238382	
6.68098897	27.32234295	10.44857847	-2.88526454	-16.90238382	
6.68098897	27.32234295	10.44857847	-2.88526454	-17.00959717	
6.68098897	27.32234295	10.44857847	-2.88526454	-17.00959717	
6.68098897	27.32234295	10.44857847	-2.88526454	-17.00959717	
6.68098897	28.46010610	10.44857847	-2.88526454	-17.00959717	
6.68098897	28.46010610	10.78963497	-2.88526454	-17.00959717	
6.68098897	27.48499341	10.78963497	-2.88526454	-17.00959717	
6.68098897	27.48499341	10.81335709	-2.88526454	-17.00959717	
6.68098897	27.48499341	10.81335709	-2.88526454	-17.00959717	
6.68098897	27.81844998	10.81335709	-2.88526454	-17.00959717	
6.68098897	27.50419827	10.81335709	-2.88526454	-17.00959717	
6.67237259	27.50419827	10.81335709	-2.88526454	-17.00959717	
6.67237259	27.50419827	10.81335709	-2.88526454	-16.92648012	
6.67237259	27.50419827	10.81335709	-2.71119991	-16.92648012	
6.67237259	27.83590729	10.81335709	-2.71119991	-16.92648012	
6.67237259	27.83590729	10.72622473	-2.71119991	-16.92648012	
6.56189451	27.83590729	10.82277107	-2.78898603	-16.92648012	
6.56189451	27.83590729	10.71811164	-2.78898603	-16.92648012	
6.56189451	28.04983231	10.71811164	-2.78898603	-16.92648012	
6.56189451	28.04983231	10.71811164	-2.78898603	-16.92648012	
6.56189451	28.04983231	10.71811164	-2.78898603	-16.92648012	
6.56189451	27.03403187	10.71811164	-2.78898603	-16.92648012	
6.53543612	27.03403187	10.71811164	-2.78898603	-16.92648012	
6.53543612	27.03403187	10.71811164	-2.78898603	-16.92648012	
6.53543612	27.98362007	10.71811164	-2.71703813	-16.92648012	
6.58015274	27.98362007	10.71811164	-2.71703813	-16.92648012	
6.58015274	26.86269316	10.71811164	-2.57131753	-16.70014270	
6.58015274	27.97553798	10.52451144	-2.57131753	-16.70014270	
6.58015274	27.71671022	10.52451144	-2.57131753	-16.70014270	
6.58015274	27.71671022	10.52451144	-2.57131753	-16.70014270	
6.58015274	27.71671022	10.52451144	-2.57131753	-16.86993539	
6.58015274	27.71671022	10.14457331	-2.57131753	-16.86993539	
6.58015274	27.71671022	10.06460973	-2.57131753	-16.86993539	
6.58015274	27.53062024	10.06460973	-2.57131753	-16.95353755	
6.58015274	27.53062024	10.06460973	-2.57131753	-16.95353755	
6.58015274	27.53062024	10.06460973	-2.57131753	-16.95353755	
6.58015274	27.53062024	10.37228277	-2.57131753	-16.95353755	
6.58015274	27.00293733	10.37228277	-2.57131753	-16.95353755	
6.58015274	27.00293733	10.37228277	-2.57131753	-16.95353755	
6.58015274	27.00293733	10.37228277	-2.57131753	-16.95353755	
6.58015274	27.00293733	10.48848189	-2.57131753	-16.95161008	
6.58015274	27.00293733	10.48848189	-2.57131753	-16.95161008	
6.54671121	27.00293733	10.48848189	-2.57131753	-16.95161008	
6.54671121	27.00293733	10.48848189	-2.57131753	-16.95161008	
6.54671121	26.81416137	10.48848189	-2.57131753	-16.95161008	
6.54671121	26.81416137	10.48848189	-2.57131753	-16.96238657	
6.54671121	26.81416137	10.48848189	-2.72648525	-16.96238657	
6.54671121	26.81416137	10.48848189	-2.72648525	-16.96238657	
6.54671121	27.24516765	10.48848189	-2.72648525	-16.89774597	
6.54671121	27.24516765	10.48848189	-2.72648525	-16.89774597	
6.54671121	27.24516765	10.48848189	-2.72648525	-16.89774597	
6.54671121	27.24516765	10.48848189	-2.72648525	-16.89774597	
6.54671121	27.24516765	10.48848189	-2.72648525	-16.89774597	
6.54671121	27.51541004	10.48848189	-2.72648525	-16.89774597	
6.54671121	27.51541004	10.48848189	-2.72648525	-16.89774597	
6.54671121	27.51541004	10.48848189	-2.72648525	-16.89774597	
6.23299089	27.51541004	10.48848189	-2.72648525	-16.89774597	
6.23299089	27.51541004	10.55598016	-2.72648525	-16.89774597	
6.23299089	27.51541004	10.55598016	-2.72648525	-16.93022124	
6.23299089	27.51541004	10.24974224	-2.72648525	-16.93022124	
6.23299089	27.51541004	10.24974224	-2.72648525	-16.93022124	
6.23299089	27.54644257	10.24974224	-2.72648525	-16.93022124	
6.23299089	27.54644257	10.31436905	-2.72648525	-16.93022124	
6.23299089	27.54220578	10.31436905	-2.72648525	-16.93022124	
6.23299089	27.54220578	10.31436905	-2.72648525	-16.93022124	
6.23299089	27.71370169	10.31436905	-2.72648525	-16.93022124	
6.23299089	27.71370169	10.31436905	-2.72648525	-16.93022124	
6.23299089	27.71370169	10.31436905	-2.72648525	-16.93022124	
6.23299089	28.09094046	10.31436905	-2.72648525	-16.93022124	
6.23299089	28.09094046	10.31436905	-2.72648525	-16.93022124	
6.23299089	27.74167344	10.31436905	-2.72648525	-16.93022124	
6.23299089	27.73577021	10.31436905	-2.72648525	-16.93022124	
6.23299089	27.73577021	10.31436905	-2.72648525	-16.93022124	
6.23299089	27.72422100	10.31436905	-2.72648525	-16.93022124	
6.23299089	27.72422100	10.31436905	-2.72648525	-16.93022124	
6.23299089	27.95675842	10.31436905	-2.72648525	-16.93022124	
6.23299089	27.95675842	10.31436905	-2.72648525	-16.93022124	
6.23299089	27.95675842	10.31436905	-2.72648525	-16.93022124	
6.50385989	27.95675842	10.31436905	-2.72648525	-16.93022124	
6.50385989	27.95675842	10.31436905	-2.72648525	-16.93022124	
6.50385989	27.95675842	10.31436905	-2.72648525	-17.04932590	
6.50385989	27.95675842	10.31436905	-2.72648525	-17.04932590	
6.50385989	27.95675842	10.31436905	-2.72648525	-16.93296366	
6.50385989	27.95675842	10.31436905	-2.72648525	-16.93296366	
6.50385989	27.95675842	10.31436905	-2.72648525	-16.93296366	
6.50385989	27.95675842	10.80627357	-2.72648525	-16.93296366	
6.50385989	27.95675842	10.80627357	-2.72648525	-16.93296366	
6.50385989	27.40197134	10.80627357	-2.72648525	-16.93296366	
6.50385989	27.40197134	10.80627357	-2.72648525	-16.93296366	
6.50385989	27.40197134	10.80627357	-2.72648525	-16.93296366	
6.50385989	27.40197134	10.80627357	-2.81917268	-16.93296366	
6.50385989	27.40197134	10.80627357	-2.81917268	-17.07714219	
6.50385989	27.40197134	11.02189135	-2.81917268	-17.07714219	
6.50385989	27.40197134	11.02189135	-2.81917268	-17.07714219	
6.50385989	27.40197134	11.02189135	-2.81917268	-16.85575259	
6.50385989	27.40197134	11.02189135	-2.81917268	-16.85575259	
6.50385989	27.40197134	11.02189135	-2.81917268	-16.85575259	
6.50385989	27.40197134	11.02189135	-2.81917268	-16.91184218	
6.50385989	27.40197134	11.28355169	-2.81917268	-16.91184218	
6.58805678	27.40197134	11.06130814	-2.81917268	-16.91184218	
6.58805678	27.40197134	11.06130814	-2.81917268	-16.98875678	
6.58805678	27.40197134	11.06130814	-2.81917268	-16.98875678	
6.58805678	27.40197134	11.06130814	-2.81917268	-16.98875678	
6.58805678	27.40197134	11.06130814	-2.81917268	-16.98875678	
6.58805678	27.38785667	11.06130814	-2.81917268	-16.98875678	
6.58805678	27.38785667	10.99349398	-2.81917268	-16.98875678	
6.58805678	27.38785667	10.99349398	-2.81917268	-16.98875678	
6.58805678	27.75421652	10.48408677	-2.81917268	-16.98875678	
6.58805678	27.75421652	10.48408677	-2.81917268	-16.98875678	
6.58805678	27.75421652	10.48408677	-2.81917268	-16.98875678	
6.73689265	27.75421652	10.48408677	-2.81917268	-16.98875678	
6.73689265	27.27443924	10.48408677	-2.81917268	-16.98875678	
6.73689265	27.27443924	10.48408677	-2.81917268	-16.98875678	
6.73689265	27.27443924	10.67105974	-2.81917268	-16.98875678	
6.73689265	27.27443924	10.67105974	-2.81917268	-17.31641581	
6.73689265	27.27443924	10.67105974	-2.81917268	-17.31641581	
6.70823052	27.27443924	10.67105974	-2.81917268	-17.31641581	
6.70823052	27.27443924	10.67105974	-2.81917268	-17.31641581	
6.70823052	27.41306446	10.67105974	-2.81917268	-17.31641581	
6.54145436	27.41306446	10.56466702	-2.81917268	-17.31641581	
6.54145436	27.17114802	10.56466702	-2.81917268	-17.31641581	
6.54145436	27.17114802	10.56466702	-2.81917268	-17.31641581	
6.54145436	27.17114802	10.56466702	-2.81917268	-17.31641581	
6.54145436	27.17114802	10.56466702	-2.81917268	-17.31641581	
6.54145436	27.17114802	10.56466702	-2.81917268	-17.31641581	
6.54145436	27.17114802	10.26429955	-2.81917268	-17.46561882	
6.54145436	27.17114802	10.26429955	-2.81917268	-17.48719334	
6.54145436	27.17114802	10.26429955	-2.81917268	-17.48719334	
6.54145436	27.17114802	10.26429955	-2.81917268	-17.48719334	
6.54145436	27.17114802	10.26429955	-2.81917268	-17.48719334	
6.54145436	26.95187194	10.26429955	-2.81917268	-17.48719334	
6.54145436	26.95187194	10.26429955	-2.81917268	-17.48719334	
6.54145436	26.95187194	10.26429955	-2.81917268	-17.48719334	
6.54145436	26.95187194	10.26429955	-2.81917268	-17.48719334	
6.54145436	26.95187194	10.26429955	-2.81917268	-17.48719334	
6.54145436	26.95187194	10.26429955	-2.81917268	-17.48719334	
6.54145436	26.95187194	10.39630066	-2.81917268	-17.48719334	
6.54145436	26.95187194	10.39630066	-2.81917268	-17.26293113	
6.54145436	26.95187194	10.39630066	-2.81917268	-17.26293113	
6.54145436	27.84859674	10.39630066	-2.81917268	-17.26293113	
6.54145436	27.84859674	10.39630066	-2.81917268	-17.26293113	
6.54145436	27.84859674	10.39630066	-2.81917268	-17.26293113	
6.54145436	27.84859674	10.09668194	-2.81917268	-17.26293113	
6.45320481	27.84859674	9.89848355	-2.81917268	-17.26293113	
6.45320481	27.82143569	9.89848355	-2.81917268	-17.26293113	
6.45320481	28.03050643	9.89848355	-2.81917268	-17.26293113	
6.45320481	28.03050643	9.89848355	-2.81917268	-17.26293113	
6.45320481	28.03050643	9.89848355	-2.81917268	-17.26293113	
6.45320481	27.98957008	9.89848355	-2.81917268	-17.26293113	
6.45320481	27.98957008	10.60196463	-2.81917268	-17.26293113	
6.45320481	27.98957008	10.60196463	-2.81917268	-17.26293113	
6.45320481	27.87687402	10.60196463	-2.81917268	-17.26293113	
6.45320481	27.87687402	10.58374118	-2.81917268	-17.26293113	
6.45320481	27.55885233	10.58374118	-2.81917268	-17.26293113	
6.44532437	27.55885233	11.01351331	-2.81917268	-17.26293113	
6.44532437	27.55885233	11.01351331	-3.13899512	-17.26293113	
6.44532437	27.55885233	11.01351331	-3.13899512	-17.26293113	
6.44532437	27.55885233	11.01351331	-2.89048451	-17.26293113	
6.44532437	27.55885233	11.01351331	-2.89048451	-17.26293113	
6.44532437	27.55885233	11.01351331	-2.89048451	-17.26293113	
6.44532437	27.55885233	11.01351331	-2.89048451	-17.26293113	
6.44532437	27.55885233	11.08345047	-2.89048451	-17.26293113	
6.44532437	27.55885233	11.08345047	-2.89048451	-17.26293113	
6.44532437	27.55885233	10.31144151	-2.89048451	-17.26293113	
6.44532437	27.31006129	10.31144151	-2.70985589	-17.26293113	
6.44532437	27.31006129	10.31144151	-2.73179574	-17.26293113	
6.44532437	27.31006129	10.31144151	-2.73179574	-17.26293113	
6.44780500	27.31006129	10.01732565	-2.73179574	-17.31955561	
6.44780500	27.31006129	10.01732565	-2.73179574	-17.31955561	
6.44780500	27.20185923	10.01732565	-2.73179574	-17.19234251	
6.31697374	27.20185923	10.01732565	-2.73179574	-17.19234251	
6.31697374	27.20185923	10.01732565	-2.73179574	-17.19234251	
6.31697374	27.20185923	10.01732565	-2.73179574	-17.19234251	
6.31697374	27.38609121	10.01732565	-2.73179574	-17.19234251	
6.31697374	27.38609121	10.01732565	-2.73179574	-17.19234251	
6.31697374	28.21340584	10.01732565	-2.73179574	-17.19234251	
6.31697374	28.21340584	10.01732565	-2.73179574	-17.31687422	
6.31697374	28.21340584	10.01732565	-2.73179574	-17.31687422	
6.31697374	28.21340584	10.01732565	-2.73179574	-17.31687422	
6.31697374	28.21340584	10.01732565	-2.73179574	-17.31687422	
6.31697374	28.21340584	10.01732565	-2.73179574	-17.31687422	
6.31697374	28.21340584	10.01732565	-2.73179574	-17.31687422	
6.31697374	28.21340584	10.01732565	-2.73179574	-17.31687422	
6.31697374	28.21340584	10.01732565	-2.73179574	-17.31687422	
6.31697374	28.21340584	10.01732565	-2.73179574	-17.31687422	
6.31697374	28.21340584	10.01732565	-2.73179574	-17.31687422	
6.31697374	28.04046553	9.19468983	-2.49853071	-17.31687422	
6.31697374	27.85044509	9.19468983	-2.49853071	-17.31687422	
6.31697374	27.85044509	9.31342481	-2.49853071	-17.31687422	
6.31697374	27.85044509	9.31342481	-2.49853071	-17.31687422	
6.31697374	27.85044509	9.31342481	-2.49853071	-17.31687422	
6.31697374	27.85044509	8.91823769	-2.49853071	-17.31687422	
6.31697374	27.85044509	8.91823769	-2.49853071	-17.31687422	
6.31697374	27.85044509	8.91823769	-2.49853071	-17.31687422	
6.31697374	27.85044509	8.91823769	-2.49853071	-17.50379169	
6.31697374	27.85044509	8.91823769	-2.49853071	-17.50379169	
6.31697374	27.85044509	8.91823769	-2.49853071	-17.50379169	
6.31697374	27.85044509	8.92869263	-2.49853071	-17.50379169	
6.31697374	27.85044509	8.92869263	-2.49853071	-17.50379169	
6.31697374	28.14723916	8.92869263	-2.49853071	-17.51402867	
6.31697374	28.14723916	8.53844903	-2.49853071	-17.51402867	
6.31697374	28.04709548	8.53844903	-2.49853071	-17.51402867	
6.31697374	28.04709548	8.53844903	-2.47399009	-17.58691166	
6.31697374	27.56392018	8.53844903	-2.47399009	-17.58691166	
6.31697374	28.27157739	8.53844903	-2.47399009	-17.58691166	
6.31697374	28.27157739	8.53844903	-2.47399009	-17.58691166	
6.31697374	28.27157739	8.53844903	-2.47399009	-17.58691166	
6.31697374	28.27157739	8.53844903	-2.47399009	-17.76592679	
6.31697374	28.27157739	8.53844903	-2.47399009	-17.76592679	
6.31697374	28.04381057	8.53844903	-2.47399009	-17.76592679	
6.31697374	28.04381057	8.53844903	-2.47399009	-17.76592679	
6.31697374	28.04381057	8.53844903	-2.47399009	-17.76592679	
6.31697374	28.04381057	8.53844903	-2.47399009	-17.76592679	
6.31697374	28.04381057	8.53844903	-2.47399009	-17.76592679	
6.18916340	28.04381057	8.53844903	-2.47399009	-17.76592679	
6.18916340	28.04381057	8.53844903	-2.47399009	-17.76592679	
6.18916340	28.06049995	8.53844903	-2.47399009	-17.76592679	
6.18916340	28.61652474	8.53844903	-2.47399009	-17.76592679	
6.18916340	28.19681184	8.53844903	-2.47399009	-17.76592679	
6.18916340	28.62805513	7.86985291	-2.47399009	-17.76592679	
6.18916340	28.62805513	7.86985291	-2.47399009	-17.76592679	
6.18916340	28.42532740	8.32490937	-2.47399009	-17.76592679	
6.18916340	28.42532740	7.81603441	-2.47399009	-17.76592679	
6.18916340	28.42532740	7.81603441	-2.47399009	-17.76592679	
6.18916340	28.30697442	7.81603441	-2.47399009	-17.76592679	
6.18916340	28.30697442	7.81603441	-2.47399009	-17.76592679	
6.18916340	28.30697442	7.81603441	-2.47399009	-17.76592679	
6.18916340	28.30697442	7.81603441	-2.47399009	-17.76592679	
6.28205819	28.30697442	7.81603441	-2.47399009	-17.76592679	
6.04788106	28.30697442	7.81603441	-2.47399009	-17.76592679	
6.04788106	29.17952668	7.81603441	-2.47399009	-17.76592679	
6.04788106	29.17952668	7.97928280	-2.47399009	-17.76592679	
6.04788106	29.17952668	7.97928280	-2.47399009	-17.76592679	
6.14253370	29.17952668	7.97928280	-2.47399009	-17.76592679	
6.14253370	29.17952668	7.97928280	-2.47399009	-17.76592679	
6.14253370	29.17952668	7.73392832	-2.47399009	-17.76592679	
6.14253370	29.17952668	7.62076216	-2.29569363	-17.92501783	
6.14253370	29.17952668	7.62076216	-2.29569363	-17.92501783	
6.14253370	29.17952668	7.62076216	-2.29569363	-17.92501783	
6.14253370	29.17952668	7.62076216	-2.28484155	-17.92501783	
6.14253370	29.17952668	7.62076216	-2.28484155	-17.92501783	
6.14253370	29.17952668	7.62076216	-2.28484155	-17.92501783	
6.14253370	29.17952668	7.62076216	-2.28484155	-17.92501783	
6.14253370	29.17952668	7.62076216	-2.28484155	-17.92501783	
6.14253370	29.17952668	7.46414498	-2.28484155	-17.92501783	
6.14253370	29.17952668	7.46414498	-2.28484155	-17.92501783	
6.14253370	29.17952668	7.58459277	-2.28484155	-17.92501783	
6.14253370	29.17952668	7.58459277	-2.28484155	-17.92501783	
6.14253370	29.50414574	7.58459277	-2.28484155	-17.92501783	
6.14253370	29.50414574	7.58459277	-2.28484155	-17.92501783	
6.14253370	28.54261085	7.58459277	-2.28484155	-17.92501783	
6.14253370	28.54261085	7.58459277	-2.28484155	-17.92501783	
6.14253370	28.54261085	7.58459277	-2.28484155	-17.92501783	
6.14253370	28.58573358	7.58459277	-2.28484155	-17.87805503	
6.14253370	28.56756212	7.58459277	-2.28484155	-17.87805503	
6.23519763	28.31259746	7.58459277	-2.31599780	-17.87805503	
6.23519763	28.31259746	7.58459277	-2.31599780	-17.87805503	
6.23519763	28.31259746	7.58459277	-2.31599780	-17.87805503	
6.23519763	28.62277357	7.58459277	-2.31599780	-17.87805503	
6.23519763	28.62277357	7.58459277	-2.30565316	-17.87805503	
6.23519763	28.62277357	7.58459277	-2.30565316	-18.23214969	
6.23519763	28.62277357	7.58459277	-2.30565316	-18.23214969	
6.23519763	28.62277357	7.58459277	-2.30565316	-18.23214969	
6.23519763	28.62277357	7.03763984	-2.30565316	-18.23214969	
6.23519763	28.62277357	7.03763984	-2.30565316	-18.23214969	
6.23519763	28.62277357	7.03763984	-2.30565316	-18.23214969	
6.23519763	28.79837741	7.03763984	-2.30565316	-18.23214969	
6.23519763	28.79837741	7.03763984	-2.30565316	-18.23214969	
6.23519763	28.79837741	7.03763984	-2.36239904	-18.23214969	
6.23519763	28.67770849	7.03763984	-2.36239904	-18.23214969	
6.23519763	28.30599666	7.56180236	-2.36239904	-18.23214969	
6.23519763	28.30599666	7.56180236	-2.36239904	-18.23214969	
6.23519763	28.30599666	7.56180236	-2.36239904	-18.23214969	
6.23519763	28.30599666	7.56180236	-2.36239904	-18.23214969	
6.23519763	28.30599666	7.56180236	-2.36239904	-18.23214969	
6.23519763	28.30599666	7.56180236	-2.36239904	-18.23214969	
6.23519763	28.30599666	7.56180236	-2.36239904	-18.23214969	
6.23519763	28.30599666	7.56180236	-2.36239904	-18.23214969	
6.23519763	28.15745685	7.56180236	-2.36239904	-18.23214969	
6.23519763	28.58198353	7.56180236	-2.36239904	-18.23214969	
6.23519763	28.69321377	6.95211600	-2.36239904	-18.23214969	
6.23519763	28.69321377	6.95211600	-2.36239904	-18.23214969	
6.23519763	29.02981584	6.95211600	-2.36239904	-18.23214969	
6.23519763	29.02981584	6.95211600	-2.36239904	-18.23214969	
6.17732209	28.65048654	7.27492677	-2.36239904	-18.23214969	
6.17732209	28.49666939	7.27492677	-2.36239904	-18.23214969	
5.98254462	28.49666939	7.27492677	-2.36239904	-18.23214969	
5.98254462	28.49666939	7.27492677	-2.36239904	-18.23214969	
5.98254462	28.49666939	7.27492677	-2.36239904	-18.23214969	
5.98254462	28.49666939	7.27492677	-2.36239904	-18.04853139	
5.98254462	28.49666939	7.37858447	-2.36239904	-18.04853139	
5.98254462	28.49666939	7.13639157	-2.36239904	-18.04853139	
5.98254462	28.49666939	7.13639157	-2.36239904	-18.04853139	
6.10914788	28.49666939	7.13639157	-2.36239904	-18.04853139	
6.10914788	28.49666939	7.13639157	-2.36239904	-18.04853139	
6.10914788	29.14937957	7.13639157	-2.36239904	-18.04853139	
6.10914788	29.14937957	7.13639157	-2.36239904	-18.04853139	
6.10914788	29.14937957	7.13639157	-2.36239904	-18.04853139	
6.10914788	29.14937957	7.13639157	-2.35606664	-18.04853139	
6.10914788	29.14937957	7.13639157	-2.35606664	-18.04853139	
6.10914788	29.14937957	7.13639157	-2.35606664	-18.04853139	
6.10914788	29.14937957	7.13639157	-2.35606664	-18.08218709	
6.10914788	29.14937957	7.13639157	-2.35606664	-18.08218709	
6.10914788	29.14937957	7.13639157	-2.35606664	-18.08218709	
6.10914788	28.89414129	7.13639157	-2.35606664	-18.08218709	
6.10914788	28.89414129	7.13639157	-2.35606664	-18.08218709	
6.50395650	28.89414129	7.13639157	-2.32700209	-18.08218709	
6.50395650	28.89414129	6.87306107	-2.32700209	-18.08218709	
6.50395650	28.89414129	6.87306107	-2.32700209	-18.08218709	
6.50395650	29.23778741	6.87306107	-2.32700209	-18.08218709	
6.50395650	28.30215830	6.87306107	-2.32700209	-18.08218709	
6.50395650	28.30215830	6.87306107	-2.32700209	-18.08218709	
6.50395650	28.30215830	6.87306107	-2.32700209	-18.08218709	
6.50395650	28.30215830	6.93079987	-2.32700209	-18.08218709	
6.50395650	28.30215830	7.37017334	-2.30948506	-18.08218709	
6.50395650	28.30215830	7.37017334	-2.30948506	-18.08218709	
6.50395650	28.30215830	7.37017334	-2.30948506	-18.08218709	
6.50395650	28.30215830	7.37017334	-2.30948506	-18.08218709	
6.50395650	28.30215830	7.37017334	-2.30948506	-18.08218709	
6.50395650	28.30215830	7.37017334	-2.30948506	-18.08218709	
6.59935463	27.90215836	7.11980289	-2.30948506	-18.08218709	
6.59935463	27.90215836	7.11980289	-2.30948506	-18.08218709	
6.59935463	27.62039881	7.11980289	-2.30948506	-18.08218709	
6.59935463	27.62039881	7.23385548	-2.30948506	-18.08218709	
6.59935463	28.11147585	7.23385548	-2.30948506	-18.08218709	
6.59935463	28.36061897	6.74920750	-2.30948506	-18.08218709	
6.59935463	28.36061897	6.74920750	-2.30948506	-18.08218709	
6.59935463	28.36061897	6.74920750	-2.30948506	-18.08218709	
6.59935463	28.36061897	6.74920750	-2.30948506	-18.24347572	
6.59935463	28.36061897	6.74920750	-2.30948506	-18.24347572	
6.59935463	28.89854601	6.74920750	-2.30948506	-18.24347572	
6.59935463	28.89854601	6.74920750	-2.30948506	-18.24347572	
6.59935463	28.89854601	6.83674125	-2.30948506	-18.24347572	
6.59935463	28.89854601	6.83674125	-2.30948506	-18.22565341	
6.59935463	28.89854601	6.83674125	-2.30948506	-18.22565341	
6.59935463	28.89854601	6.83674125	-2.30948506	-18.22565341	
6.59935463	28.89854601	6.83674125	-2.30948506	-18.22565341	
6.37398373	28.89854601	6.83674125	-2.30948506	-18.22565341	
6.37398373	28.89854601	6.83674125	-2.30948506	-18.22565341	
6.37398373	28.89854601	6.89633890	-2.30948506	-18.22565341	
6.37398373	28.89854601	7.06859706	-2.30948506	-18.22565341	
6.37398373	28.89854601	7.06859706	-2.30948506	-18.22565341	
6.37398373	28.37487267	7.06859706	-2.30948506	-18.22565341	
6.37398373	28.37487267	7.06859706	-2.30948506	-18.22565341	
6.37398373	29.03553879	7.06859706	-2.30948506	-18.22565341	
6.37398373	29.03553879	7.06859706	-2.30948506	-18.22565341	
6.37398373	29.03553879	7.06859706	-2.30948506	-18.22565341	
6.37398373	28.70394068	7.06859706	-2.30948506	-18.22565341	
6.37398373	28.70394068	7.06859706	-2.30948506	-18.22565341	
6.37398373	28.70394068	7.06859706	-2.30948506	-18.22565341	
6.19841593	28.70394068	7.06859706	-2.30948506	-18.22565341	
6.19841593	28.70394068	7.06859706	-2.21001915	-18.22565341	
6.19841593	28.70394068	7.06859706	-2.21001915	-18.22565341	
6.19841593	28.00700857	7.06859706	-2.21881471	-18.22565341	
6.19841593	28.00700857	7.06859706	-2.21881471	-18.22565341	
6.19841593	28.00700857	7.06859706	-2.21881471	-18.22565341	
6.19841593	29.12736206	7.06859706	-2.21881471	-18.22565341	
6.19841593	29.12736206	7.06859706	-2.21881471	-18.22565341	
6.19841593	28.86435523	7.06859706	-2.21881471	-18.22565341	
6.19841593	28.86435523	7.06859706	-2.21881471	-18.22565341	
6.25523722	28.86435523	7.06859706	-2.21881471	-18.22565341	
6.18235479	28.86435523	7.06859706	-2.21881471	-18.22565341	
6.18235479	28.86435523	7.06859706	-2.21881471	-18.22565341	
6.18235479	28.54041980	7.06859706	-2.21881471	-18.22565341	
6.18235479	28.54041980	7.06859706	-2.21881471	-18.22565341	
6.18235479	28.28894356	7.06859706	-2.21881471	-18.22565341	
6.18235479	28.28894356	7.06859706	-2.21881471	-18.22565341	
6.18235479	28.28894356	7.06859706	-2.21881471	-18.22565341	
6.18235479	28.28894356	7.06859706	-2.21881471	-18.22565341	
6.18235479	29.09191306	7.06859706	-2.21881471	-18.22565341	
6.18235479	28.93628547	7.06859706	-2.21881471	-18.22565341	
6.18235479	28.93628547	6.80528377	-2.21881471	-18.22565341	
6.18235479	28.93628547	6.80528377	-2.21881471	-18.22565341	
6.18235479	28.93628547	6.80528377	-2.21881471	-18.22565341	
6.18235479	28.93628547	6.80528377	-2.21881471	-18.22565341	
6.18235479	28.93628547	7.15182226	-2.21881471	-18.22565341	
6.18235479	28.78516368	7.15182226	-2.21881471	-18.22565341	
6.18235479	28.63757109	7.15182226	-2.21881471	-18.22565341	
6.18235479	28.63757109	7.26468303	-2.21881471	-18.22565341	
6.18235479	28.04220521	7.12819306	-2.21881471	-18.22565341	
6.18235479	28.04220521	7.12819306	-2.21881471	-18.22565341	
6.18235479	28.04220521	7.12819306	-2.19696964	-18.22565341	
6.18235479	28.04220521	7.12819306	-2.19696964	-18.22565341	
6.17386662	28.04220521	7.12819306	-2.19696964	-18.22565341	
6.17386662	28.04220521	7.12819306	-2.19696964	-18.22565341	
6.17386662	28.04220521	7.12819306	-2.19696964	-18.22565341	
6.17386662	28.04220521	7.12819306	-2.19696964	-18.22565341	
6.17386662	28.19054201	7.12819306	-2.19696964	-18.22565341	
6.15700556	28.19054201	6.83948147	-2.19696964	-18.02473203	
6.15700556	28.19054201	6.83948147	-2.19696964	-18.26332473	
6.15700556	28.73293641	6.34576847	-2.23546592	-18.26332473	
6.15700556	29.06904267	6.27249156	-2.23546592	-18.26332473	
6.15700556	29.06904267	6.48684766	-2.23546592	-18.26332473	
6.15700556	29.06904267	6.48684766	-2.23546592	-18.26332473	
6.15700556	29.06904267	6.48684766	-2.23546592	-18.26332473	
6.03274678	29.06904267	6.48684766	-2.23546592	-18.26332473	
6.03274678	28.85029340	6.48684766	-2.23546592	-18.26332473	
6.03274678	28.85029340	6.48684766	-2.23546592	-18.23842183	
6.03274678	28.85029340	6.48684766	-2.23546592	-18.23842183	
6.03274678	28.58413165	6.48684766	-2.23546592	-18.23842183	
6.03274678	28.46116243	6.48684766	-2.23546592	-18.23842183	
6.03274678	28.46116243	6.48684766	-2.23546592	-18.23842183	
6.03274678	29.13960705	6.48684766	-2.23546592	-18.23842183	
6.03274678	29.13960705	6.48684766	-2.23546592	-18.23842183	
6.03274678	29.13960705	6.48684766	-2.23546592	-18.23842183	
6.03274678	29.13960705	6.48684766	-2.23546592	-18.23842183	
6.03274678	29.13960705	6.48684766	-2.23546592	-18.23842183	
6.03274678	29.13960705	6.48684766	-2.23546592	-18.23842183	
6.03274678	29.13960705	6.48684766	-2.23546592	-18.23842183	
6.03274678	28.87102105	6.48684766	-2.23546592	-18.23842183	
6.03274678	28.87102105	6.74422013	-2.23546592	-18.23842183	
6.03274678	28.87102105	6.74422013	-2.23546592	-18.23842183	
6.03274678	28.87102105	6.74422013	-2.23546592	-18.23842183	
6.03274678	28.88397195	6.74422013	-2.23546592	-18.23842183	
6.03274678	28.88397195	6.63304255	-2.23546592	-18.23842183	
6.03274678	28.88397195	6.63304255	-2.23546592	-18.23842183	
6.03274678	28.88397195	6.63304255	-2.23546592	-18.23842183	
6.03274678	28.88397195	6.63304255	-2.17443338	-18.23842183	
6.03274678	28.88397195	6.63304255	-2.17443338	-18.23842183	
6.39128013	28.88397195	6.63304255	-2.17443338	-18.23842183	
6.39128013	28.88397195	6.63304255	-2.17443338	-18.23842183	
6.39128013	28.57471408	6.63304255	-2.17443338	-18.23842183	
6.39128013	28.57471408	6.63304255	-2.17443338	-18.23842183	
6.39128013	28.57471408	6.60691975	-2.29031209	-18.23842183	
6.39128013	28.85826402	6.60691975	-2.29031209	-18.16182607	
6.39128013	28.85826402	6.60691975	-2.29031209	-18.16182607	
6.30255549	27.94607124	6.60691975	-2.29031209	-18.16182607	
6.30255549	28.80475531	6.60691975	-2.29031209	-18.16182607	
6.30255549	28.80475531	6.78587942	-2.29031209	-18.13982464	
6.30255549	28.80475531	6.78587942	-2.29031209	-18.13982464	
6.30255549	28.80475531	6.78587942	-2.29031209	-18.13982464	
6.30255549	28.80475531	6.78587942	-2.29031209	-18.13982464	
6.30255549	28.80475531	6.78587942	-2.29031209	-18.13982464	
6.30255549	28.80475531	6.48213963	-2.29031209	-18.13982464	
6.30255549	28.80475531	6.48213963	-2.29031209	-18.13982464	
6.30255549	28.80475531	6.74055842	-2.29031209	-18.13982464	
6.30255549	28.80475531	6.74055842	-2.29031209	-18.13982464	
6.30255549	28.80475531	6.74055842	-2.29031209	-18.13982464	
6.30255549	28.48812111	6.74055842	-2.29031209	-18.13982464	
6.30255549	28.48812111	6.74055842	-2.29031209	-18.13982464	
6.30255549	28.48812111	6.74055842	-2.29031209	-18.18696654	
6.30255549	28.48812111	6.74055842	-2.29031209	-18.18696654	
6.30255549	28.48812111	6.74055842	-2.29031209	-18.18696654	
6.30255549	28.48812111	6.74055842	-2.29031209	-18.18696654	
6.30255549	28.48812111	6.74055842	-2.29031209	-18.18696654	
6.30255549	28.48812111	6.74055842	-2.29031209	-18.18696654	
6.30255549	28.48812111	6.74055842	-2.16374236	-18.18696654	
6.29949361	28.48812111	6.74055842	-2.18154448	-18.18696654	
6.29949361	28.48812111	6.74055842	-2.18154448	-18.18696654	
6.29949361	28.74079406	6.74055842	-2.18154448	-18.18696654	
6.29949361	28.74079406	6.60834002	-2.18154448	-18.18696654	
6.29949361	28.74079406	6.60834002	-2.18154448	-18.18696654	
6.20791127	28.74079406	6.60834002	-2.18154448	-18.18696654	
6.20791127	28.74079406	6.60834002	-2.18154448	-18.18696654	
6.20791127	28.74079406	6.60834002	-2.18154448	-18.18902809	
6.20791127	28.74079406	6.60834002	-2.18154448	-18.18902809	
6.20791127	28.74079406	6.60834002	-2.18154448	-18.18902809	
6.20791127	28.28904848	6.60834002	-2.18154448	-18.18902809	
6.20791127	28.28904848	6.60834002	-2.18154448	-18.18902809	
6.20791127	28.28904848	6.60834002	-2.18154448	-18.18902809	
6.20791127	28.28904848	6.60834002	-2.18154448	-18.18902809	
6.38216886	28.28904848	6.60834002	-2.18154448	-18.18902809	
6.38216886	28.28904848	6.60834002	-2.18154448	-18.18902809	
6.38216886	28.28904848	6.60834002	-2.19439280	-18.18902809	
6.38216886	28.28904848	6.60834002	-2.19439280	-18.18902809	
6.38216886	28.28904848	6.60834002	-2.19439280	-18.18902809	
6.38216886	28.11459232	6.60834002	-2.02571549	-18.18902809	
6.38216886	28.11459232	6.36350568	-2.01371062	-18.18902809	
6.38216886	28.52825172	6.36350568	-2.01371062	-18.18902809	
6.38216886	28.46898231	6.36350568	-2.01371062	-18.18902809	
6.38216886	28.46898231	6.36350568	-2.01371062	-18.18902809	
6.38216886	28.17997134	6.36350568	-2.01371062	-18.21524901	
6.41651253	28.17997134	6.36350568	-2.01371062	-18.21524901	
6.41651253	28.17997134	6.36350568	-2.01371062	-18.21524901	
6.41651253	28.17997134	6.36350568	-2.01371062	-18.21524901	
6.41651253	28.17997134	6.36350568	-2.01371062	-18.21524901	
6.41651253	28.17997134	6.36350568	-2.01371062	-18.21524901	
6.41651253	28.17997134	6.36350568	-2.01371062	-18.26080882	
6.41651253	28.17997134	6.36350568	-2.01371062	-18.26080882	
6.41651253	28.17997134	6.36350568	-2.01371062	-18.26080882	
6.41651253	28.17997134	6.36350568	-2.01371062	-18.26080882	
6.41651253	28.17997134	6.36350568	-2.01371062	-18.26080882	
6.61359433	28.48439687	6.36350568	-2.01371062	-18.26080882	
6.61359433	28.04138340	6.36350568	-2.01371062	-18.26080882	
6.61359433	28.04138340	6.36350568	-2.01371062	-18.26080882	
6.61359433	28.04138340	6.36350568	-2.01371062	-18.25784571	
6.61359433	28.04138340	6.36350568	-2.01371062	-18.25784571	
6.61359433	27.83482183	6.34236614	-2.01371062	-18.25784571	
6.61359433	27.83482183	6.34236614	-2.01371062	-18.25784571	
6.51926758	27.83482183	6.34236614	-2.01371062	-18.25784571	
6.51926758	27.85876972	6.34236614	-2.01371062	-18.25784571	
6.51926758	27.85876972	6.34236614	-2.01371062	-18.25784571	
6.51926758	27.85876972	6.34236614	-2.01371062	-18.25784571	
6.51926758	27.85876972	6.34236614	-2.01371062	-18.25784571	
6.51926758	27.22768612	6.34236614	-2.01371062	-18.25665898	
6.51926758	27.22768612	6.34236614	-2.01371062	-18.25665898	
6.51926758	27.22768612	6.25101163	-2.01371062	-18.25665898	
6.51926758	28.24798369	6.25101163	-2.01371062	-18.25665898	
6.51926758	28.25997363	6.25101163	-2.01371062	-18.25665898	
6.51926758	28.25997363	6.25101163	-2.01371062	-18.25665898	
6.51926758	28.25997363	6.25101163	-2.01371062	-18.25665898	
6.51926758	28.28344284	6.25101163	-2.01371062	-18.25665898	
6.51926758	28.28344284	6.25101163	-2.01371062	-18.25665898	
6.51926758	28.28344284	6.25101163	-2.01371062	-18.25665898	
6.51926758	28.29279750	6.25101163	-2.01371062	-18.25665898	
6.51926758	28.81488818	6.25101163	-2.01371062	-18.25665898	
6.51926758	28.81488818	6.25101163	-2.01371062	-18.25665898	
6.63127603	28.81488818	6.25101163	-2.01371062	-18.25665898	
6.38623070	28.81488818	6.25101163	-2.01371062	-18.25665898	
6.38623070	28.81488818	6.25101163	-2.01371062	-18.25665898	
6.38623070	28.89211003	6.25101163	-2.01371062	-18.25665898	
6.38623070	28.89211003	6.25101163	-2.01371062	-18.25665898	
6.38623070	29.29012737	6.46015737	-2.01371062	-18.25665898	
6.38623070	29.29012737	6.46015737	-2.01371062	-18.25665898	
6.38623070	28.17528833	6.46015737	-2.01371062	-18.25665898	
6.38623070	28.17528833	6.46496014	-2.01371062	-18.25665898	
6.38623070	28.17528833	6.46496014	-2.01371062	-18.54916023	
6.38623070	28.17528833	6.05716764	-2.01371062	-18.54916023	
6.38623070	28.17528833	6.05716764	-2.01371062	-18.54916023	
6.38623070	28.17528833	6.05716764	-2.01371062	-18.54916023	
6.38918769	28.67866078	6.05716764	-2.01371062	-18.54916023	
6.38918769	27.95693349	6.05716764	-2.01371062	-18.60334360	
6.20747137	27.95693349	6.05716764	-2.01371062	-18.60334360	
6.20747137	27.95693349	6.05716764	-2.01371062	-18.60334360	
6.20747137	27.95693349	6.05716764	-2.01371062	-18.60334360	
6.20747137	28.07503611	6.05716764	-2.01371062	-18.60334360	
6.20747137	28.07503611	6.05716764	-2.01371062	-18.60334360	
6.20747137	28.50031587	6.05716764	-2.01371062	-18.60334360	
6.20747137	28.50031587	6.05716764	-2.01371062	-18.60334360	
6.20747137	28.50031587	6.05716764	-2.01371062	-18.60334360	
6.20747137	28.50031587	5.75418833	-2.01371062	-18.60334360	
6.20747137	28.50031587	5.75418833	-2.01371062	-18.60334360	
6.20747137	28.35713900	5.75418833	-2.01371062	-18.60334360	
6.20747137	28.35713900	5.75418833	-2.01371062	-18.60334360	
6.20747137	28.35713900	6.01908188	-2.01371062	-18.60334360	
6.20747137	28.35713900	6.01908188	-2.01371062	-18.60334360	
6.20747137	28.35713900	6.01908188	-1.99298637	-18.60334360	
6.20747137	28.35713900	6.01908188	-1.99298637	-18.60334360	
6.20747137	28.35713900	6.01908188	-1.99298637	-18.60334360	
6.41370722	28.43558059	6.01908188	-1.99298637	-18.60334360	
6.41370722	28.55549078	6.01908188	-2.05550056	-18.60334360	
6.41370722	28.55549078	6.01908188	-2.05550056	-18.60334360	