
3.00000000	2.00000000	10.00000000	
3.04026788	2.00000000	10.00000000	
3.41423623	2.00688636	10.00000000	
3.41423623	2.00688636	10.00000000	
3.65720667	2.02474431	9.87203562	
3.65720667	2.25789296	9.55954843	
3.65720667	2.25789296	9.55954843	
3.74742423	2.52295288	9.14233472	
4.03404926	2.52295288	8.83095150	
4.10010490	2.99255873	8.44593607	
3.84361444	2.99255873	8.17466575	
3.48560553	2.99255873	8.17466575	
3.48560553	2.99255873	7.68938742	
3.48560553	2.99828399	7.41599716	
3.70906359	3.21784858	6.98458786	
3.87528744	3.30313649	6.84674613	
4.03265908	3.34966168	6.75487835	
3.96623671	3.34966168	6.66780801	
4.35082806	3.44237498	7.08069488	
4.31499849	3.84473685	7.08069488	
4.31499849	4.31280549	7.08069488	
4.13128393	4.31280549	6.95360460	
4.13128393	4.34252990	6.71204949	
3.88249871	4.76600250	6.71204949	
3.79665754	4.76600250	6.55764635	
3.32360399	4.76600250	6.55764635	
3.32360399	4.40408836	6.55764635	
2.83075032	4.45474625	6.49688018	
2.48051732	4.33504958	6.30384137	
2.38005878	4.55679259	6.30384137	
2.38696748	4.55679259	6.30384137	
2.04017597	4.09484052	6.12552263	
2.04017597	3.73356753	6.12552263	
2.05661906	3.47751449	5.86405469	
2.05661906	3.65578035	5.67192094	
2.07001913	4.08031833	5.57481719	
1.81877949	4.06156896	5.08130098	
1.81877949	4.47247354	5.08130098	
1.81877949	4.85763131	4.95889133	
1.81877949	4.70389046	4.95889133	
1.81877949	4.42370896	4.95889133	
2.04882175	4.44843138	4.95889133	
1.97951543	4.39713633	4.82463625	
2.11815571	4.29830713	4.82463625	
2.11815571	4.42044589	4.67038508	
2.11055901	4.42044589	4.46974570	
2.11055901	4.42044589	4.15074108	
2.11055901	3.98859752	3.72409063	
2.11055901	4.24426751	3.60491823	
2.11055901	4.22504096	3.23494993	
2.10085462	4.29623422	3.23494993	
2.10310087	4.63521364	3.23494993	
2.17896852	4.61615128	3.23494993	
2.17896852	4.44437977	3.16815833	
2.17896852	4.20184727	3.16815833	
2.17896852	4.20184727	3.16815833	
2.17896852	4.46893086	2.89462168	
1.92060202	4.05002914	2.89462168	
1.92060202	3.76220144	3.15291878	
2.22678244	3.76220144	3.05159658	
2.22678244	4.21035164	2.89745261	
2.29388140	4.25095589	2.89745261	
2.43761116	4.51275197	2.89745261	
2.59703172	4.15252050	2.89745261	
2.26137077	3.73492668	2.89745261	
2.26137077	3.68245876	2.82594933	
2.06609288	3.68245876	2.82594933	
2.06609288	3.68245876	2.82594933	
2.15969686	3.68245876	2.86840310	
2.15969686	3.63142854	2.86840310	
2.37276230	3.93035607	2.89977513	
2.34220480	3.93035607	2.89977513	
2.45235432	3.94321969	2.92068684	
2.32402636	3.82113067	2.92068684	
2.32402636	4.30979450	2.92068684	
2.32402636	4.67902342	2.92068684	
2.23451513	4.60511410	2.87359893	
2.23451513	4.80678918	2.87359893	
2.02480817	4.92398277	2.87359893	
2.23928781	4.51409732	2.80770477	
2.19473473	4.72083957	2.80770477	
2.25983494	4.39391695	2.86427752	
2.19316504	4.15287459	2.86427752	
2.19316504	4.15287459	2.86427752	
2.27598865	4.13439797	2.86427752	
2.27598865	4.12980883	2.86427752	
2.28039334	4.29030728	3.03998351	
2.43174619	3.93793631	3.03998351	
2.43174619	4.19242586	2.96867221	
2.43174619	4.10777718	2.96867221	
2.43174619	4.18472191	3.15649586	
2.24366617	4.17575182	3.15649586	
2.24366617	4.32406199	3.03704849	
2.34545285	4.77374081	3.03704849	
2.27422629	5.20766062	3.03704849	
2.46885710	4.73766463	3.03704849	
2.42452018	4.48849228	3.06848880	
1.99873232	4.13403589	3.06848880	
2.01103962	4.49385487	3.03104214	
2.01103962	4.26431780	3.00354336	
2.01103962	3.97298943	3.00354336	
2.08979685	4.12877164	3.00354336	
1.94800731	4.33697778	3.00354336	
1.95800390	4.24958293	3.04706183	
1.95800390	4.24958293	3.04706183	
2.01134082	4.40871853	3.04706183	
2.01134082	4.10377450	3.04706183	
2.01134082	3.71675449	3.04706183	
2.45037836	3.78212894	2.93903037	
2.56456731	4.21410207	2.93903037	
2.53566070	4.17754097	2.93903037	
2.53566070	4.17754097	3.00466470	
2.78732897	4.46890183	3.00466470	
2.53495937	4.19842838	3.00466470	
2.24663606	4.58791286	3.00466470	
2.08592074	4.56035308	3.00466470	
2.08592074	4.72245216	3.00466470	
2.47889400	4.69180442	3.00466470	
2.47889400	4.34303577	2.83167191	
2.35704274	4.56491239	3.12362264	
2.35704274	4.21137417	3.12362264	
2.20230299	3.94697556	3.16146514	
2.20230299	4.12220918	3.04302828	
2.50569331	3.69942359	3.05238656	
2.40527894	3.99456944	3.05238656	
2.40527894	4.21169807	3.05238656	
2.40527894	4.21169807	3.15333265	
2.15925531	3.75562980	3.15333265	
2.22119722	3.75562980	3.12423381	
2.27834426	4.25281565	3.12423381	
2.25357063	4.00357599	3.37387507	
2.24366396	4.12503162	2.98698732	
2.07626494	4.30549951	2.98698732	
2.41904052	4.14241459	3.07040543	
2.41904052	4.14241459	3.07040543	
2.22957729	4.14241459	3.00883939	
2.43376938	4.52862160	3.00883939	
2.47478385	4.11082236	3.00883939	
2.09975424	4.13038874	3.00883939	
2.09975424	4.05150213	3.00883939	
2.06053965	4.08568995	2.90397485	
2.06053965	4.26923219	2.93793001	
2.06053965	4.26923219	2.93793001	
2.29076374	4.26923219	2.93793001	
1.91595805	3.85028365	3.12100478	
1.91595805	4.02640779	3.12100478	
1.91595805	3.74404254	3.12100478	
1.91595805	3.74707395	2.93680731	
2.00719900	3.89697744	3.17895691	
2.00719900	4.19631157	3.17895691	
2.00719900	4.55034475	3.17895691	
2.00719900	4.72726036	2.96125404	
2.00719900	4.96306433	3.15169672	
2.44727592	5.14231947	3.15169672	
2.44727592	5.61350439	2.81193477	
2.44727592	5.59114509	2.84781645	
2.44727592	5.97627193	2.84781645	
2.52754508	6.16252426	2.98778949	
2.52754508	6.23506980	2.98778949	
2.55289159	6.10323087	2.98778949	
2.08563055	5.68291785	2.98778949	
2.53638097	5.70868392	2.98778949	
2.16380985	5.42785286	2.98778949	
2.16380985	5.65379508	2.98778949	
2.28522389	5.76831480	2.98778949	
2.35405020	5.71908554	2.99471291	
2.35405020	5.71908554	2.99471291	
2.35405020	5.91052764	2.98842910	
1.97510562	6.31458223	2.98842910	
1.97510562	6.31458223	2.98842910	
2.19183105	6.51329087	2.98842910	
2.04212548	6.51388949	2.98842910	
2.04212548	6.56556717	2.98842910	
2.04212548	6.79670431	2.98842910	
2.04212548	6.79670431	3.15874829	
2.04212548	6.79670431	3.15874829	
2.04212548	6.40381619	3.15874829	
2.04212548	6.33444666	3.15874829	
2.32287108	6.78583911	3.15874829	
2.32287108	7.06479444	3.06031408	
2.18177472	6.65544663	3.06031408	
2.18177472	6.64809799	3.06031408	
2.18177472	6.58460747	3.06031408	
2.11080890	6.11780052	2.69432374	
1.93280172	5.86216503	2.69432374	
1.93280172	5.95482589	2.69432374	
1.93280172	5.77675758	2.94060811	
2.04248916	5.72125666	2.94060811	
2.04248916	6.07769475	2.92138507	
2.04248916	6.07769475	2.92138507	
1.99487892	6.12178832	3.16090835	
2.03518680	6.48299904	3.16090835	
2.32766638	6.62112832	3.16090835	
2.32766638	6.63504913	3.16090835	
2.11079539	6.93873672	2.95358181	
2.11079539	6.93873672	2.95358181	
2.11079539	6.66059527	2.87737513	
2.11079539	6.82404249	2.87737513	
2.11079539	6.82404249	3.09915405	
2.22398852	6.45156458	2.97278534	
2.22398852	6.25805098	2.97278534	
2.22398852	6.01377269	3.22195168	
2.15841919	6.13277840	2.96529810	
2.15841919	6.13277840	3.13525872	
2.24489875	6.20483209	3.13525872	
2.24489875	6.13711951	3.13525872	
2.11410088	6.16610765	3.13525872	
1.97682879	6.61885002	3.20736744	
1.97682879	6.75703108	2.96826311	
1.91029544	6.80659087	2.96826311	
1.91029544	6.80659087	2.96826311	
1.91029544	6.46966484	2.96826311	
1.91029544	6.34955330	2.94246812	
1.91029544	6.34955330	2.94246812	
1.91029544	6.18902820	2.94246812	
2.38038126	6.47763354	2.94246812	
2.38038126	6.46932330	3.08931209	
2.02397325	6.32092816	3.08931209	
2.02397325	6.32092816	3.08931209	
2.37626160	5.82669193	3.08931209	
2.37626160	5.69074467	3.08931209	
2.37626160	5.44985043	2.77699950	
2.39965464	5.67490036	2.77319035	
2.50266958	5.67490036	2.77319035	
2.50266958	5.94188436	2.77319035	
2.50266958	5.71969400	2.77319035	
2.64064989	5.83678306	2.77319035	
2.64064989	5.72972445	2.96735657	
2.47703113	5.81946808	2.76911192	
2.47703113	5.65463420	2.76911192	
2.43111078	6.02093043	2.79456358	
2.43111078	6.37709846	2.79456358	
2.11789598	5.97264053	2.79456358	
2.11789598	5.67311293	2.92365909	
2.11789598	5.67311293	3.22592031	
2.11789598	5.29732560	3.22592031	
2.11789598	5.29732560	3.22592031	
1.91716649	5.29732560	3.22592031	
1.91716649	5.29732560	3.04260217	
2.01169982	4.95412871	3.04260217	
2.01169982	4.65505556	3.35917643	
2.01169982	4.87259214	2.89908163	
2.18218803	5.12413657	2.92958920	
2.26871722	4.97236350	2.92958920	
2.26871722	5.15884053	3.07888703	
2.42626425	5.15884053	3.14466273	
2.42626425	4.86258912	3.14466273	
2.44812563	4.67174245	2.77618158	
2.44812563	4.67174245	2.94183960	
2.44812563	4.82475479	2.94449695	
2.46494513	5.00567710	3.28807082	
2.46494513	4.52180856	3.28807082	
2.26711304	4.31010906	3.36444994	
2.26711304	4.45336598	3.36444994	
2.11055663	4.23277299	3.27340926	
2.11055663	4.23277299	3.27340926	
2.11055663	3.97004537	3.27340926	
2.05143863	4.27685570	3.16872280	
2.05143863	4.13747400	3.16872280	
2.01288767	4.19634653	3.16414027	
2.01288767	4.11915039	3.22707823	
2.01288767	4.11915039	2.94265263	
2.01288767	4.30984433	3.29329914	
2.01288767	3.88397925	3.29329914	
2.01288767	3.60439149	3.21287157	
2.01288767	3.54230750	3.21287157	
1.93780849	3.54230750	3.21287157	
1.93780849	3.34035301	3.06845662	
1.93780849	3.34035301	3.11157253	
1.93780849	3.39700698	2.97330145	
2.32335149	3.58789264	2.86640017	
2.32335149	3.58789264	2.86640017	
2.13660715	3.29892174	2.93720534	
2.23189481	3.32802736	2.93720534	
2.24839317	3.13359728	2.93720534	
2.06920415	2.64184698	2.93720534	
1.79855113	3.04365204	3.38742940	
1.79855113	2.68631314	3.19916782	
2.06109644	2.65625708	3.29257006	
2.10251997	2.79259485	3.01506374	
2.02050706	3.02510638	3.31998390	
2.02050706	3.07802804	3.31949401	
2.02050706	2.98357302	3.01466696	
2.02050706	2.98357302	3.16380953	
2.02050706	2.93867830	3.16380953	
2.34569682	2.92925842	3.05963913	
2.36923367	3.17630249	3.05963913	
2.36923367	3.18854320	3.05963913	
2.42216190	3.18854320	3.05963913	
2.37442204	3.58408316	3.05963913	
2.18181177	3.93235215	3.05963913	
2.18181177	4.02669777	3.08862043	
2.18181177	3.57564005	3.08862043	
2.32693361	3.30415736	2.86402759	
2.32693361	3.73223500	3.21837077	
2.32693361	3.83027047	3.01012935	
2.32693361	3.69026400	3.09997235	
2.32693361	3.49733350	3.09997235	
2.26365213	3.24982512	3.09997235	
2.36495179	2.82166556	3.09997235	
2.36495179	3.06676035	2.95582381	
2.36495179	3.06676035	2.95582381	
2.31395987	3.06676035	2.95582381	
2.50632487	3.06676035	2.95582381	
2.70016963	2.87550983	3.08596290	
2.70016963	2.87550983	3.08596290	
2.54695395	2.87550983	3.08596290	
2.21926452	3.05359582	3.08596290	
2.11655121	3.00675787	3.08596290	
2.11655121	3.00675787	3.08596290	
2.19435400	3.18679436	2.80920015	
2.27598614	3.28640900	3.07804720	
2.27598614	2.87985362	3.29099307	
2.27598614	2.87985362	3.12853095	
2.23194741	2.87985362	3.12853095	
2.23194741	3.02189793	3.12853095	
2.23194741	3.02189793	2.98866619	
2.23194741	2.58009373	2.98866619	
2.23194741	2.40040910	2.98866619	
2.23194741	2.40040910	2.98866619	
2.23194741	2.40040910	2.98866619	
2.23194741	2.40040910	3.36215471	
2.48880110	2.48989857	2.96268771	
2.20786760	2.48989857	2.96268771	
2.20786760	2.87298355	2.96268771	
2.06201793	2.85079389	3.12377432	
2.15387803	3.28591368	3.12377432	
2.15387803	3.10698945	3.12377432	
1.98785512	3.11327073	3.12377432	
1.98785512	3.25462394	3.12377432	
1.98785512	3.55315396	3.12377432	
2.06985630	3.97776794	3.10345179	
1.94382837	4.44239190	3.10345179	
1.94382837	4.81306397	3.10345179	
1.94382837	4.70495819	3.10345179	
1.94382837	4.80004074	3.13072981	
1.94382837	4.79622168	3.13072981	
1.94382837	5.20220509	3.13072981	
1.94382837	5.16976731	3.13072981	
2.14795628	5.42826083	3.13072981	
1.87601718	5.17874483	2.77571479	
1.87601718	4.84263434	2.43691527	
1.87601718	4.74866197	2.62988617	
1.87601718	5.17271023	2.41363308	
1.87601718	4.82624679	2.41363308	
1.87601718	5.02918566	2.41363308	
1.87601718	4.94613238	2.32684338	
1.87601718	4.93021600	2.32684338	
1.87601718	4.93021600	1.83904203	
1.40351598	4.60307226	1.83904203	
1.40351598	4.23209854	1.76779951	
1.40351598	3.97535756	1.76779951	
1.40351598	4.02682521	1.76779951	
1.40351598	3.84156819	1.76779951	
1.40351598	3.46448621	1.86579374	
1.40351598	3.47706871	1.69854672	
1.40351598	3.20197580	1.69854672	
1.44895871	2.77177259	1.69854672	
1.44895871	2.67256402	1.69854672	
1.13472780	2.27970662	1.69854672	
1.13472780	2.38102909	1.69854672	
1.13472780	2.38102909	1.36049727	
1.32526719	2.72562460	1.39431463	
1.32526719	2.66929959	1.39431463	
1.32526719	2.71293047	1.39431463	
1.32526719	2.57520766	1.39431463	
1.32526719	2.71061593	1.39431463	
1.49578298	2.73014824	1.39431463	
1.05500826	2.57249635	1.39431463	
1.05500826	2.57249635	1.39431463	
1.05500826	2.57249635	1.39431463	
1.05500826	2.57249635	1.39431463	
1.05500826	2.87513918	1.39431463	
1.25115034	2.49241154	1.39431463	
1.25115034	2.45368831	1.39431463	
1.25115034	1.97479990	1.39431463	
1.25115034	2.06601659	1.39431463	
1.09226369	2.14187606	1.39431463	
1.09226369	2.25565657	1.39431463	
1.21648039	2.18520132	1.39431463	
1.21648039	2.23410031	1.39431463	
1.21648039	2.58665323	1.39431463	
1.21648039	2.24438829	1.39431463	
1.28381276	2.27034171	1.39431463	
1.28381276	2.14168723	1.39431463	
1.28381276	2.16777481	1.39431463	
1.28381276	1.74525198	1.41601437	
1.19751058	1.74525198	1.41601437	
1.19751058	2.05687793	1.41601437	
1.28064180	1.93082655	1.50384959	
1.28064180	2.42667029	1.50384959	
1.18547247	2.19952112	1.50384959	
1.18547247	2.22589987	1.60135108	
1.11356040	2.59650270	1.60135108	
1.11356040	2.59445578	1.60135108	
1.11356040	2.59445578	1.39365768	
1.11356040	2.59445578	1.39365768	
1.11356040	2.17659107	1.39365768	
1.11356040	2.30892974	1.39365768	
1.11356040	2.31946911	1.39365768	
1.11356040	2.74907297	1.39365768	
1.11356040	3.06639021	1.46341323	
1.11356040	3.06639021	1.46341323	
1.11356040	3.06639021	1.46341323	
1.35832134	3.06639021	1.46341323	
1.35832134	2.81129659	1.41901939	
1.35832134	2.81129659	1.41901939	
1.35832134	3.06038898	1.41901939	
1.35832134	2.65156922	1.41901939	
1.27236957	2.65156922	1.41901939	
1.27236957	2.63896198	1.41901939	
1.27236957	2.63896198	1.41901939	
1.21728453	2.56749694	1.41901939	
1.16513789	2.51806276	1.41901939	
1.16513789	2.51806276	1.41901939	
1.16513789	2.36382227	1.41901939	
1.12804391	2.84114238	1.41901939	
1.12608584	3.18502365	1.41901939	
1.32782079	2.71729105	1.36181065	
1.32782079	2.66626783	1.36181065	
1.17483690	2.80094453	1.36181065	
1.17483690	2.34635926	1.36181065	
1.25014411	2.35929185	1.36181065	
1.25014411	2.16997392	1.36181065	
1.25014411	2.28172123	1.35285703	
1.29754678	2.43287625	1.50124435	
1.45675490	2.05303542	1.50124435	
1.14668884	2.31596247	1.42884997	
1.18770887	2.53620428	1.42884997	
1.18770887	2.07730437	1.44246478	
1.32408908	2.07730437	1.44246478	
1.29963591	2.11314228	1.44246478	
1.29963591	2.30680519	1.44246478	
1.22265766	2.18051710	1.44246478	
1.22265766	1.84498734	1.41556493	
1.26684220	2.02737967	1.41556493	
1.26684220	2.07492827	1.41556493	
1.26684220	2.25446061	1.41556493	
1.19101876	1.98351935	1.41556493	
1.19101876	1.98351935	1.41556493	
1.19101876	1.98351935	1.37707249	
1.19101876	1.98351935	1.37707249	
1.19101876	1.98351935	1.37707249	
1.19101876	2.00207752	1.37707249	
1.19101876	1.68916854	1.37707249	
1.19101876	1.68916854	1.37707249	
1.19101876	1.68916854	1.42086902	
1.30899101	1.78755979	1.42086902	
1.30899101	1.78755979	1.42086902	
1.30899101	1.78755979	1.42086902	
1.30899101	1.99946090	1.42086902	
1.30899101	2.09362272	1.42086902	
1.30899101	2.08566674	1.42402554	
1.30899101	2.31624002	1.42402554	
1.30899101	2.64512674	1.42402554	
1.39216983	2.33393058	1.42402554	
1.25653265	2.37918424	1.42402554	
1.25653265	2.00096382	1.42402554	
1.25653265	2.00096382	1.42402554	
1.25653265	1.99494387	1.43557093	
1.20589487	1.99494387	1.43557093	
1.20589487	1.99494387	1.43557093	
1.20492156	2.00389418	1.43557093	
1.20492156	2.00389418	1.43557093	
1.27732458	2.00389418	1.43557093	
1.27732458	2.11391214	1.43557093	
1.17153943	1.95447880	1.43557093	
1.24535440	2.13771788	1.43557093	
1.24535440	2.13771788	1.43557093	
1.24535440	2.13771788	1.43557093	
1.24535440	2.44119699	1.43557093	
1.24535440	2.44119699	1.43557093	
1.24535440	2.44119699	1.43557093	
1.24535440	2.61848379	1.43557093	
1.24535440	2.61428450	1.43557093	
1.24535440	2.65791579	1.36341449	
1.24535440	2.21526062	1.36341449	
1.24706457	2.21526062	1.36341449	
1.24706457	2.01915742	1.36341449	
1.24706457	2.49231897	1.36341449	
1.24706457	2.78156762	1.36341449	
1.24706457	2.91298594	1.36341449	
1.17770654	3.06600326	1.36341449	
1.17770654	3.06600326	1.36341449	
1.20222720	3.05882391	1.36341449	
1.20222720	2.99001976	1.36341449	
1.06661460	2.76450172	1.20796192	
1.06661460	3.05201660	1.20796192	
1.06661460	2.97787776	1.20796192	
1.06661460	2.97787776	1.20796192	
1.07116595	2.75696696	1.20796192	
1.33907692	2.82228880	1.38863142	
1.33907692	2.59012295	1.33503929	
1.33907692	2.34159447	1.33503929	
1.44122104	2.34159447	1.33503929	
1.44122104	2.77345957	1.33503929	
1.35701063	2.75408472	1.33503929	
1.35701063	2.54316745	1.33503929	
1.35701063	2.82466260	1.33503929	
1.35701063	2.82466260	1.33503929	
1.33091854	2.79477488	1.35150773	
1.32496289	2.79477488	1.35150773	
1.32496289	2.94957418	1.35150773	
1.32496289	2.87469633	1.35150773	
1.32496289	2.40018129	1.35150773	
1.32496289	2.40018129	1.40975376	
1.23002619	2.40018129	1.40975376	
1.23002619	2.27063158	1.28935824	
1.28924609	2.28103354	1.28144892	
1.28924609	2.28103354	1.28144892	
1.28924609	2.28103354	1.28144892	
1.23598402	2.41194612	1.28144892	
1.23598402	2.27368969	1.35489306	
1.23598402	2.27368969	1.24371842	
1.23598402	2.27085932	1.24371842	
1.23598402	2.71949161	1.24371842	
1.32109985	2.71949161	1.24371842	
1.32109985	2.88534439	1.24371842	
1.32109985	2.75850318	1.24371842	
1.32109985	2.91245198	1.24371842	
1.32109985	2.86563848	1.24371842	
1.32109985	2.67669536	1.24371842	
1.32109985	2.33711431	1.24371842	
1.32109985	2.79959663	1.24371842	
1.32109985	2.47733287	1.24371842	
1.17051775	2.66437303	1.24371842	
1.17051775	2.53336017	1.39631359	
1.29477551	2.57967556	1.39631359	
1.29477551	2.57967556	1.39631359	
1.29477551	2.81786189	1.39631359	
1.29477551	2.85591636	1.39631359	
1.11985122	2.47488260	1.48528428	
1.11985122	2.95789390	1.48528428	
1.11985122	2.63307848	1.48528428	
1.11985122	2.96096490	1.48528428	
1.11985122	2.91699596	1.48528428	
1.18206052	2.91699596	1.24275760	
1.18206052	2.62283348	1.24275760	
1.18206052	2.62283348	1.51714678	
1.18206052	2.62283348	1.51714678	
1.23643433	2.96578178	1.51714678	
1.23643433	3.38639095	1.51714678	
1.23643433	3.39621411	1.51714678	
1.23643433	2.94061081	1.27395504	
1.23643433	2.94061081	1.27395504	
1.23643433	2.94804251	1.27395504	
1.25994429	2.61400767	1.27395504	
1.25994429	2.47767830	1.25003294	
1.25994429	2.47767830	1.25003294	
1.17787426	2.73919501	1.25003294	
1.17787426	2.73919501	1.38779337	
1.17787426	2.73862873	1.38779337	
1.17787426	2.58209900	1.38779337	
1.17787426	2.50111259	1.38779337	
1.10359473	2.50111259	1.38779337	
1.17459757	2.50111259	1.28079660	
1.16866121	2.26894093	1.28081327	
1.16866121	2.47589778	1.28081327	
1.16866121	2.50479742	1.28081327	
1.16866121	2.45324000	1.28081327	
1.16866121	2.45324000	1.28081327	
1.16866121	2.89159034	1.28081327	
1.16866121	2.52027928	1.28081327	
1.16866121	2.52027928	1.28081327	
1.16866121	2.52027928	1.28081327	
1.16866121	2.52027928	1.32147670	
1.16866121	2.52027928	1.32147670	
1.20239531	2.20044559	1.31028488	
1.20239531	2.45518031	1.29765751	
1.20239531	2.32287867	1.37363016	
1.26897472	2.19931287	1.37363016	
1.26897472	2.19931287	1.37363016	
1.26897472	2.53523563	1.34419119	
1.26897472	2.53523563	1.34419119	
1.26897472	2.38285921	1.34419119	
1.26897472	2.17337233	1.34419119	
1.26897472	2.17337233	1.42455953	
1.26897472	2.50843775	1.42455953	
1.15396454	2.50758804	1.42455953	
1.29845259	2.53313421	1.42455953	
1.29845259	2.34163319	1.42455953	
1.29845259	2.24520687	1.42455953	
1.29845259	2.14836106	1.42455953	
1.41376983	2.27077771	1.40934606	
1.42417404	1.95221876	1.36629821	
1.31651745	1.95221876	1.36629821	
1.31651745	1.95221876	1.36629821	
1.17626751	1.97855620	1.36704294	
1.17626751	2.43591110	1.36704294	
1.17626751	2.43591110	1.36704294	
1.17626751	2.43591110	1.36704294	
1.17626751	2.43591110	1.36704294	
1.17626751	2.43591110	1.36704294	
1.17626751	2.46392355	1.36704294	
1.17626751	2.87187421	1.36704294	
1.17626751	2.51721788	1.36704294	
1.38597537	2.51721788	1.36704294	
1.52193239	2.51721788	1.31882317	
1.52193239	2.51721788	1.31882317	
1.52193239	2.36617661	1.31882317	
1.02777275	2.81039373	1.31882317	
1.02777275	3.24691688	1.31882317	
1.08881839	3.02804760	1.31882317	
1.08881839	3.28721800	1.31882317	
1.19272730	2.92336793	1.38705241	
1.19272730	3.27145239	1.38705241	
1.19272730	2.99193945	1.38705241	
1.19272730	2.85340476	1.38705241	
1.19272730	2.86760974	1.38705241	
1.19272730	2.61351253	1.38705241	
1.19272730	2.57077290	1.38705241	
1.19272730	2.57077290	1.38705241	
1.39662585	2.27714211	1.38705241	
1.39662585	2.60987333	1.38705241	
1.34320846	2.33357136	1.38705241	
1.34320846	2.33357136	1.38705241	
1.34320846	2.24711958	1.38705241	
1.16978370	2.10244709	1.38705241	
1.16978370	2.10244709	1.38705241	
1.16978370	2.06968994	1.38705241	
1.16978370	2.06968994	1.38705241	
1.10747281	2.34761209	1.38705241	
1.10747281	1.97309623	1.38705241	
1.10747281	1.71376422	1.38705241	
1.10747281	1.81747556	1.55796095	
1.10747281	2.05804547	1.55796095	
1.27327035	2.33746542	1.33500172	
1.27327035	2.39555358	1.36934883	
1.27327035	1.95399965	1.36934883	
1.27327035	1.95399965	1.36934883	
1.27327035	1.95399965	1.36934883	
1.27327035	2.37040996	1.51025697	
1.14641724	2.21383920	1.51025697	
1.14641724	2.50703731	1.43798828	
1.14641724	2.11665729	1.43798828	
1.14641724	2.42795761	1.43798828	
1.14641724	2.29824170	1.43798828	
1.39696542	2.29824170	1.52373530	
1.39696542	1.85994334	1.52373530	
1.19581287	1.77959301	1.52373530	
1.19581287	1.99081219	1.52373530	
1.19581287	2.01780592	1.52373530	
1.19581287	2.46363253	1.52373530	
1.19581287	2.52684212	1.37312796	
1.19581287	2.30518685	1.48669186	
1.19581287	1.89134697	1.48669186	
1.25560323	2.13868977	1.48669186	
1.25560323	2.09270577	1.45949797	
1.25560323	2.09270577	1.45949797	
1.25560323	2.33901706	1.45949797	
1.25560323	1.83978018	1.54608319	
1.25560323	2.27310650	1.54608319	
1.11747259	1.84458500	1.54608319	
1.34654350	1.84458500	1.34997284	
1.15489221	1.84458500	1.31084455	
1.28973880	2.20543974	1.32643639	
1.28973880	2.58912217	1.32643639	
1.28973880	2.58912217	1.33533404	
1.28973880	2.58912217	1.33533404	
1.28973880	2.66530225	1.33533404	
1.28973880	2.89908984	1.33533404	
1.28973880	3.31146518	1.26619999	
1.28973880	3.31146518	1.26619999	
1.26126780	3.74207494	1.34924276	
1.26126780	4.00082245	1.34924276	
1.26126780	3.60778980	1.34924276	
1.26126780	3.52432720	1.34924276	
1.26126780	3.14937958	1.34924276	
1.26126780	2.75341752	1.34924276	
1.21989881	2.62942134	1.34924276	
1.21989881	2.70830967	1.42759731	
1.21989881	2.52486060	1.42759731	
1.21989881	2.54034952	1.42759731	
1.21989881	2.48701218	1.42759731	
1.21989881	2.27811417	1.42759731	
1.21989881	2.44686227	1.36511662	
1.21989881	2.30522999	1.36511662	
1.21989881	2.28337469	1.36511662	
1.24318094	2.00585267	1.36511662	
1.24318094	2.00585267	1.36511662	
1.24318094	1.69085245	1.36511662	
1.24318094	1.86212878	1.36511662	
1.24318094	1.86212878	1.36511662	
1.22395240	2.03468992	1.36511662	
1.22395240	2.34267284	1.36511662	
1.22734597	2.04175169	1.36511662	
1.22734597	2.36163346	1.36511662	
1.28609354	2.36092619	1.36511662	
1.16841949	2.36092619	1.36511662	
1.16841949	2.36092619	1.36511662	
1.23574623	2.36092619	1.36511662	
1.23574623	1.89672564	1.36511662	
1.23574623	1.45008650	1.36511662	
1.23574623	1.53625001	1.36511662	
1.23574623	1.73528283	1.36511662	
1.23574623	1.73528283	1.36511662	
1.23574623	1.73528283	1.46807746	
1.23574623	1.74160856	1.46807746	
1.23574623	2.15613452	1.46807746	
1.23574623	2.15613452	1.41981900	
1.23574623	2.08920227	1.41981900	
1.25969976	1.75904504	1.41981900	
1.26207308	1.75904504	1.53857677	
1.26207308	2.01707422	1.53857677	
1.31475503	1.95204398	1.53857677	
1.31475503	1.80204693	1.53857677	
1.31475503	1.80204693	1.56565219	
1.31475503	2.11172798	1.42613711	
1.31475503	2.49293755	1.42613711	
1.16591537	2.28853207	1.42613711	
1.09655452	2.28853207	1.42613711	
1.24671719	2.28853207	1.42613711	
1.24671719	2.57446144	1.42613711	
1.20272320	2.25626266	1.42613711	
1.20272320	1.85881359	1.42613711	
1.20272320	1.85881359	1.42613711	
1.37724208	1.98194788	1.42613711	
1.37724208	1.99918740	1.42613711	
1.37724208	1.83625419	1.42613711	
1.33788850	2.32234504	1.42613711	
1.24247127	2.32234504	1.42613711	
1.24247127	2.74627168	1.42613711	
1.24247127	2.60962037	1.42613711	
1.24247127	2.97420232	1.42613711	
1.24247127	2.57129117	1.42613711	
1.24247127	2.24491893	1.44813909	
1.24247127	2.24491893	1.44813909	
1.24247127	2.24491893	1.44813909	
1.24558376	2.24491893	1.36042953	
1.24558376	2.45525431	1.36042953	
1.24558376	2.46431488	1.36042953	
1.24558376	2.39976082	1.36042953	
1.24558376	2.39976082	1.36042953	
1.24558376	2.49445341	1.34141479	
1.04222960	2.49445341	1.34141479	
1.04222960	2.54686191	1.34141479	
1.26710624	2.35936299	1.34141479	
1.26710624	2.59034223	1.34141479	
1.26710624	2.54836603	1.34141479	
1.26710624	2.54836603	1.34141479	
1.13368426	2.54836603	1.34141479	
1.13368426	2.09074422	1.30916004	
1.22267945	2.09074422	1.30916004	
1.22267945	2.31355360	1.30244712	
1.22267945	2.31355360	1.30244712	
1.28830172	2.41110947	1.30244712	
1.28830172	2.11674241	1.30244712	
1.28830172	2.32308714	1.30244712	
1.28830172	2.15718967	1.27978777	
1.25714701	2.15718967	1.27978777	
1.25714701	2.50204262	1.27978777	
1.25714701	2.50204262	1.27978777	
1.25714701	2.56007370	1.27978777	
1.25714701	2.56007370	1.35681212	
1.25714701	2.48481227	1.36472143	
1.25714701	2.41590631	1.47468337	
1.25714701	2.56528655	1.34692640	
1.25714701	2.21806829	1.34692640	
1.25714701	2.16829728	1.37325088	
1.25714701	1.85197944	1.40594809	
1.25714701	1.90364281	1.40594809	
1.31064061	1.90364281	1.40594809	
1.31064061	2.23253103	1.40594809	
1.32843409	2.02439100	1.40594809	
1.32843409	2.09735434	1.40594809	
1.32843409	2.14525714	1.40594809	
1.32843409	2.14525714	1.50546890	
1.32843409	2.16919166	1.50486903	
1.32843409	2.16919166	1.19434577	
1.32843409	2.16919166	1.30378726	
1.32843409	2.16919166	1.30378726	
1.32843409	2.33735672	1.36239943	
1.33807957	2.18280074	1.36239943	
1.33807957	1.71481288	1.36239943	
1.33807957	1.98426313	1.36239943	
1.22105233	1.73214084	1.36239943	
1.22105233	1.86451820	1.36239943	
1.22105233	2.09078625	1.36239943	
1.22105233	2.12960000	1.36239943	
1.22105233	2.12960000	1.48575256	
1.22105233	2.15613359	1.48575256	
1.22105233	2.15613359	1.48575256	
1.24854748	2.01590456	1.48575256	
1.24854748	2.06610383	1.48575256	
1.24854748	2.24321379	1.48575256	
1.21358826	2.25284715	1.39400239	
1.21358826	2.04712729	1.39400239	
1.21358826	2.04712729	1.39400239	
1.21358826	2.07512968	1.32244090	
1.21358826	2.07512968	1.32244090	
1.21358826	2.07512968	1.32244090	
1.22003225	2.10765329	1.32244090	
1.36939972	2.10765329	1.32244090	
1.14401689	1.98571449	1.32244090	
1.14401689	2.45413319	1.32244090	
1.14401689	2.49065585	1.32244090	
1.14401689	2.59909343	1.37091244	
1.14401689	2.15502301	1.37091244	
1.14401689	2.14507514	1.37091244	
1.58424178	2.14507514	1.37091244	
1.58813869	2.14507514	1.37091244	
1.58813869	2.58474148	1.37091244	
1.54805380	2.62334754	1.37091244	
1.15402648	2.49045219	1.37091244	
1.15402648	2.81819406	1.37091244	
1.17398242	2.90976245	1.33283818	
1.17398242	2.90976245	1.33283818	
1.17398242	3.03832893	1.33283818	
1.17398242	2.84024147	1.33283818	
1.17398242	2.77108045	1.33283818	
1.17398242	2.67339658	1.49653622	
1.17398242	2.50990292	1.49653622	
1.17398242	2.22325602	1.23359759	
1.17398242	2.22325602	1.23359759	
1.24355220	1.91633817	1.23359759	
1.40420881	2.10158361	1.23359759	
1.40420881	2.25890184	1.25160345	
1.25316740	1.91943003	1.53469107	
1.25316740	2.15277646	1.53469107	
1.25316740	2.47703715	1.53469107	
1.25316740	2.47703715	1.53469107	
1.25316740	2.43168123	1.53469107	
1.25316740	2.91781895	1.53469107	
1.25316740	2.91781895	1.53469107	
1.28136154	2.91781895	1.53469107	
1.28136154	2.91781895	1.53469107	
1.28136154	2.45476588	1.53469107	
1.23682021	2.46367558	1.53469107	
1.23682021	2.25043498	1.53469107	
1.23682021	2.32252276	1.49760355	
1.23682021	2.32252276	1.49760355	
1.23682021	2.58389570	1.49760355	
1.23682021	2.83628135	1.40839225	
1.39190278	2.69869116	1.40839225	
1.41901157	2.53750509	1.40839225	
1.41901157	2.53750509	1.40839225	
1.34072797	2.53750509	1.40839225	
1.34072797	2.55625087	1.40839225	
1.34072797	2.38822131	1.40839225	
1.34072797	2.04413041	1.34682250	
1.34072797	2.04413041	1.34682250	
1.24095863	2.04413041	1.33042776	
1.24095863	2.04413041	1.33042776	
1.24095863	2.46175045	1.33042776	
1.19591233	2.68553406	1.33042776	
1.19591233	2.56240747	1.37492886	
1.19591233	2.56240747	1.51249230	
1.19591233	2.59179063	1.38333332	
1.19591233	2.33370292	1.38333332	
1.32814608	2.71190402	1.38333332	
1.32814608	2.71190402	1.38333332	
1.32814608	2.69367486	1.38333332	
1.32814608	2.69367486	1.38333332	
1.32814608	2.93590557	1.38333332	
1.32814608	2.57336975	1.38333332	
1.32814608	2.66054846	1.38333332	
1.32814608	2.20132098	1.38333332	
1.32814608	2.20132098	1.38333332	
1.32814608	2.20132098	1.38333332	
1.32814608	2.38400968	1.38333332	
1.32814608	2.69627713	1.38333332	
1.32814608	2.69627713	1.38333332	
1.32814608	2.20699541	1.38333332	
1.32814608	2.18290618	1.38333332	
1.32814608	2.18290618	1.38333332	
1.32814608	2.23490070	1.38333332	
1.40939499	2.47824116	1.38333332	
1.40939499	2.03693418	1.38333332	
1.27395968	2.03693418	1.38333332	
1.27395968	2.46925052	1.38803449	
1.27395968	2.50846947	1.38803449	
1.21558221	2.50846947	1.38803449	
1.21558221	2.31312089	1.38803449	
1.17178696	2.31312089	1.38803449	
1.17178696	2.78407870	1.38803449	
1.21415892	2.78194415	1.41559069	
1.21415892	2.78194415	1.41559069	
1.22534872	2.44470416	1.41559069	
1.22534872	2.32921692	1.36656325	
1.22534872	2.00539149	1.36656325	
1.22534872	1.78377602	1.32855179	
1.22534872	1.78377602	1.32855179	
1.22534872	2.07930971	1.32855179	
1.25498278	2.49297245	1.32855179	
1.25498278	2.00637846	1.54296152	
1.25498278	1.93893935	1.48685928	
1.25498278	1.93893935	1.51231891	
1.25498278	1.80842775	1.51231891	
1.25498278	1.98885091	1.51231891	
1.25498278	1.98646205	1.32721088	
1.25498278	2.28825348	1.41713682	
1.25498278	2.17444685	1.41713682	
1.25498278	2.17444685	1.43080956	
1.28251127	2.52257082	1.43080956	
1.28251127	2.55554878	1.43080956	
1.28251127	2.41604775	1.45603952	
1.28251127	2.41604775	1.45603952	
1.28251127	1.98597386	1.54468987	
1.28251127	2.27112612	1.49713541	
1.41029287	2.10480805	1.49713541	
1.40326665	2.02939408	1.49713541	
1.40326665	2.02939408	1.49713541	
1.24806023	2.02939408	1.51958710	
1.24806023	1.70022009	1.51958710	
1.24806023	1.70022009	1.51958710	
1.24806023	2.18851029	1.51958710	
1.24806023	1.79075633	1.51958710	
1.24806023	1.79075633	1.51958710	
1.24806023	1.64125372	1.51377799	
1.24806023	1.64125372	1.51377799	
1.24806023	1.54361902	1.55265420	
1.24806023	1.54361902	1.56024123	
1.24806023	1.59175382	1.56024123	
1.24806023	1.68930101	1.56024123	
1.24806023	1.58360451	1.56024123	
1.24806023	1.58360451	1.54009701	
1.24806023	1.67520406	1.54009701	
1.24806023	1.73506820	1.54009701	
1.24806023	2.07107671	1.58981741	
1.24806023	2.07107671	1.58981741	
1.24806023	1.58497185	1.58981741	
1.14658888	1.57656796	1.50914148	
1.14728449	1.73848061	1.50914148	
1.14728449	1.69431577	1.50914148	
1.14728449	1.69431577	1.50914148	
1.23258914	1.84151830	1.50914148	
1.23258914	1.84151830	1.29769143	
1.23258914	1.84151830	1.46196767	
1.23258914	1.84151830	1.46196767	
1.23258914	2.06135097	1.46196767	
1.23258914	2.48717688	1.46196767	
1.23258914	2.13321572	1.43006924	
1.15604934	2.44333704	1.43006924	
1.14312819	1.99361169	1.43006924	
1.14312819	1.89832463	1.51260752	
1.14312819	2.08044257	1.51260752	
1.14312819	2.08044257	1.51260752	
1.14312819	2.04216409	1.51260752	
1.14312819	2.13847185	1.51260752	
1.29500133	2.13847185	1.51260752	
1.29500133	1.93312244	1.51260752	
1.14747982	1.73133262	1.47831433	
1.14747982	1.96802877	1.47831433	
1.14747982	1.96802877	1.47831433	
1.36819664	1.95875421	1.47831433	
1.36819664	1.95875421	1.47831433	
1.34639697	1.95875421	1.44858939	
1.30038002	2.42150968	1.44858939	
1.30038002	2.42150968	1.29645089	
1.30038002	2.64762897	1.29645089	
1.30038002	2.49910856	1.30543394	
1.30038002	2.30282643	1.30543394	
1.30038002	1.87396913	1.30543394	
1.30038002	2.03490302	1.44633593	
1.17604480	1.96585289	1.44633593	
1.17604480	2.15454534	1.33777163	
1.17604480	2.15633193	1.50089290	
1.17604480	1.81077519	1.42591166	
1.17604480	1.73333923	1.42591166	
1.17604480	1.73333923	1.49191629	
1.17604480	1.62065932	1.49191629	
1.17604480	1.62065932	1.49191629	
1.17604480	1.89466202	1.49191629	
1.17604480	1.89466202	1.49191629	
1.17604480	1.89466202	1.46342351	
1.17604480	1.98751532	1.46342351	
1.17604480	2.19041612	1.37893481	
1.24809537	1.89650242	1.37893481	
1.24809537	2.16850897	1.37893481	
1.24809537	2.46763428	1.37893481	
1.33065683	2.51768938	1.39515159	
1.33065683	2.46502010	1.39515159	
1.33065683	2.12341919	1.39515159	
1.33065683	2.21171074	1.39515159	
1.29894885	2.21171074	1.39515159	
1.29894885	1.80272751	1.39515159	
1.29894885	1.90954648	1.39515159	
1.29894885	1.90954648	1.39515159	
1.29894885	1.98828777	1.39515159	
1.24759614	1.83237488	1.39515159	
1.33009657	2.30186067	1.39515159	
1.23376653	2.35325289	1.39515159	
1.21774731	2.64964501	1.39515159	
1.21774731	2.37141908	1.39515159	
1.21774731	2.37141908	1.39515159	
1.21774731	2.37141908	1.39515159	
1.21774731	2.28253132	1.39515159	
1.21774731	1.85199645	1.39515159	
1.21774731	1.85199645	1.39515159	
1.21774731	1.85199645	1.39515159	
1.21774731	1.85199645	1.39515159	
1.33727729	1.85199645	1.39515159	
1.33727729	1.85199645	1.39515159	
1.27743951	1.88431693	1.46010762	
1.27743951	2.00333335	1.46010762	
1.27339312	2.21419373	1.46010762	
1.46408444	2.12830031	1.46010762	
1.46408444	1.88302231	1.46010762	
1.46408444	2.08778091	1.46010762	
1.21285215	1.96378301	1.46010762	
1.21285215	1.60309726	1.46010762	
1.21285215	1.94788626	1.45787051	
1.21285215	1.86051651	1.45787051	
1.21285215	1.91253097	1.45787051	
1.21285215	2.32330851	1.45787051	
1.18592961	2.03416095	1.45787051	
1.18592961	2.39481059	1.45787051	
1.18592961	2.33698868	1.45787051	
1.18592961	2.46711150	1.44777357	
1.18592961	2.36084820	1.23431968	
1.18592961	1.91120993	1.23431968	
1.22273437	1.91120993	1.23431968	
1.22273437	2.22449606	1.54419203	
1.22273437	2.25450783	1.38157466	
1.22273437	2.38553695	1.38157466	
1.22273437	1.95831758	1.38157466	
1.22273437	2.17745008	1.38157466	
1.22273437	2.17745008	1.38157466	
1.14265321	2.17745008	1.38157466	
1.43624094	2.62509746	1.38157466	
1.43624094	2.37314888	1.49174913	
1.43624094	1.92879056	1.49174913	
1.39415580	2.07849100	1.40098220	
1.39415580	2.46093432	1.40098220	
1.39415580	2.66142998	1.40098220	
1.39415580	2.40302625	1.40098220	
1.39415580	2.45752983	1.34604219	
1.39415580	2.16640834	1.34604219	
1.38665806	2.38460277	1.34604219	
1.25919766	2.66320527	1.38104691	
1.25919766	2.99428140	1.38104691	
1.25919766	2.77815166	1.38104691	
1.14661180	2.77815166	1.38104691	
1.14661180	2.63958447	1.38104691	
1.14661180	2.63958447	1.38104691	
1.14661180	2.16819288	1.38104691	
1.14661180	2.16819288	1.44977879	
1.14661180	2.62352537	1.44977879	
1.14661180	2.62352537	1.44977879	
1.20034844	2.46119450	1.44977879	
1.20034844	2.01137380	1.44977879	
1.20034844	1.78294077	1.44977879	
1.20034844	1.78294077	1.44977879	
1.20034844	1.90986402	1.44977879	
1.20034844	1.90986402	1.44977879	
1.20034844	1.94164139	1.44977879	
1.20034844	2.12702530	1.34463857	
1.20034844	2.07455435	1.34463857	
1.20034844	2.31931537	1.34463857	
1.05644465	2.10412426	1.34463857	
1.12337552	2.10412426	1.34463857	
1.12337552	1.98519135	1.30466781	
1.12337552	1.98519135	1.30466781	
1.12337552	1.64728191	1.63445486	
1.13184955	1.68587222	1.63445486	
1.13184955	1.93689566	1.63445486	
1.41659648	1.93689566	1.63445486	
1.23379715	2.29938197	1.63445486	
1.19515608	2.38867129	1.19583765	
1.19515608	2.08178292	1.19583765	
1.19515608	2.23088222	1.64346941	
1.19515608	1.84797780	1.60595932	
1.19515608	2.19252637	1.60595932	
1.19515608	2.57804145	1.60595932	
1.19515608	2.57804145	1.60595932	
1.24159924	2.49488631	1.52569504	
1.24159924	2.28671645	1.52569504	
1.30665030	2.57578420	1.52569504	
1.30665030	2.57578420	1.52569504	
1.30665030	2.49510713	1.52569504	
1.30665030	2.49510713	1.52569504	
1.38436374	2.50369499	1.52569504	
1.06558009	2.12555427	1.52569504	
1.06558009	2.05012481	1.52569504	
1.06558009	2.49531199	1.52569504	
1.08006433	2.39908733	1.52569504	
1.08006433	2.39908733	1.52569504	
1.08006433	2.61813814	1.52569504	
1.08006433	2.61813814	1.33592961	
1.08006433	2.26719128	1.33592961	
1.08006433	2.51985940	1.33592961	
1.08006433	2.58969354	1.33592961	
1.08006433	2.58969354	1.33592961	
1.08006433	2.42168945	1.33592961	
1.08006433	2.29642031	1.33592961	
1.14206751	2.29642031	1.33592961	
1.34577929	2.56546865	1.46845193	
1.34577929	2.45940862	1.46845193	
1.34577929	2.45940862	1.46845193	
1.34577929	2.45940862	1.35243213	
1.28349037	2.75403149	1.35243213	
1.28349037	2.75403149	1.35243213	
1.28349037	2.94382145	1.35243213	
1.28349037	2.94382145	1.35243213	
1.15152499	2.70457877	1.35243213	
1.15152499	2.70457877	1.35243213	
1.15152499	2.64076808	1.35243213	
1.15152499	2.54558327	1.37318638	
1.15152499	2.42649220	1.37318638	
1.15152499	2.42649220	1.37318638	
1.20521749	2.10682970	1.37318638	
1.20521749	2.10682970	1.37318638	
1.20521749	2.39346161	1.37318638	
1.20521749	2.04942981	1.37318638	
1.20521749	2.42290857	1.37318638	
1.20521749	2.87655319	1.41459118	
1.37114011	2.81153990	1.41459118	
1.37114011	3.16352619	1.41459118	
1.38874540	2.89549059	1.41459118	
1.38589926	2.40612078	1.41459118	
1.15978218	2.51657125	1.41459118	
1.15978218	2.51657125	1.41459118	
1.15978218	2.42651190	1.50389133	
1.30457279	2.30343878	1.50389133	
1.30457279	2.30343878	1.50389133	
1.30457279	2.40379560	1.50389133	
1.30457279	1.91468895	1.50556158	
1.32112309	1.91468895	1.50556158	
1.32112309	1.91468895	1.50556158	
1.32112309	1.91468895	1.50556158	
1.32112309	1.87408564	1.50556158	
1.32112309	1.72914000	1.50556158	
1.22308753	1.72914000	1.42139772	
1.22308753	1.86587161	1.42139772	
1.22308753	2.29817043	1.42139772	
1.22308753	2.42869528	1.42139772	
1.22308753	2.17195569	1.42139772	
1.22308753	2.43772163	1.34133073	
1.22308753	2.33815410	1.43728658	
1.22308753	2.33815410	1.36305262	
1.22308753	2.48035584	1.36305262	
1.29505967	2.57512145	1.36305262	
1.29505967	2.57512145	1.36305262	
1.29505967	2.62590909	1.36305262	
1.29505967	2.50860817	1.36305262	
1.29505967	2.49844718	1.36305262	
1.29505967	2.49844718	1.37920332	
1.29505967	2.69757209	1.37920332	
1.38138559	2.69757209	1.37920332	
1.38138559	2.86150178	1.37920332	
1.38138559	2.86150178	1.37920332	
1.38138559	2.40046533	1.37920332	
1.38138559	2.29442250	1.29737145	
1.38138559	2.02084339	1.29737145	
1.34086642	2.02084339	1.29737145	
1.34086642	2.07939702	1.29737145	
1.34086642	2.01400164	1.53331998	
1.34086642	2.24521998	1.34626884	
1.34086642	2.33342639	1.34626884	
1.34086642	1.89757419	1.34626884	
1.34086642	1.89757419	1.40135601	
1.30148151	1.89757419	1.40135601	
1.30148151	2.00652030	1.40135601	
1.30148151	2.15637762	1.40135601	
1.30148151	2.46125760	1.40135601	
1.30148151	2.74154845	1.40135601	
1.30148151	2.74154845	1.40135601	
1.37749372	2.78600068	1.40135601	
1.27037316	2.82777752	1.40135601	
1.27037316	3.08831476	1.40135601	
1.27037316	2.97881950	1.40135601	
1.27037316	2.89425547	1.40135601	
1.16376808	2.93335139	1.22752667	
1.16376808	2.91643088	1.22752667	
1.16376808	2.91643088	1.22752667	
1.26525031	2.91643088	1.30214528	
1.26525031	2.97842426	1.30214528	
1.37446388	2.97842426	1.30214528	
1.37446388	2.68184087	1.30214528	
1.20405927	2.47110708	1.30214528	
1.34792125	2.47110708	1.30214528	
1.34792125	2.47110708	1.32048965	
1.34792125	2.85834805	1.32048965	
1.37376504	2.90395076	1.32048965	
1.37376504	2.90395076	1.32048965	
1.15747781	3.17120422	1.23790270	
1.15747781	3.35729396	1.23790270	
1.15747781	3.46529461	1.23790270	
1.10351315	3.46529461	1.23790270	
1.10351315	3.46529461	1.23790270	
1.10351315	3.22524778	1.23790270	
1.10351315	3.09018666	1.23790270	
1.10351315	3.09018666	1.23790270	
1.28017370	3.09018666	1.23790270	
1.28017370	3.54422863	1.23790270	
1.32251231	3.16204625	1.23790270	
1.32251231	3.45492001	1.23790270	
1.32251231	2.99417098	1.25638194	
1.21997877	2.69994014	1.25638194	
1.21997877	3.08324555	1.25638194	
1.16354179	3.08324555	1.34979007	
1.16515412	3.30790632	1.34979007	
1.31884483	3.25035417	1.34979007	
1.31884483	2.84180290	1.34979007	
1.13571934	2.60334179	1.34979007	
1.13571934	3.01276428	1.34979007	
1.35663722	3.01276428	1.34979007	
1.35663722	2.94636039	1.34979007	
1.35663722	3.39728991	1.37571463	
1.33966550	3.41603333	1.37571463	
1.24452275	3.41603333	1.37571463	
1.24452275	3.41603333	1.30368836	
1.24452275	3.36925619	1.30368836	
1.24452275	3.26359218	1.32893779	
1.24452275	3.43405381	1.32893779	
1.24452275	3.23050117	1.32893779	
1.24452275	2.97762465	1.32893779	
1.24532796	2.97762465	1.32893779	
1.31535329	2.75050711	1.32893779	
1.31535329	2.70527548	1.33627505	
1.31535329	2.70527548	1.33627505	
1.31535329	2.97742951	1.33627505	
1.31535329	2.85999748	1.33627505	
1.31535329	2.43144626	1.39980177	
1.31535329	2.43144626	1.35188829	
1.13842625	2.43144626	1.35188829	
1.13842625	2.49268861	1.35188829	
1.13842625	2.49268861	1.35188829	
1.13842625	2.49268861	1.35188829	
1.13842625	2.88741735	1.35188829	
1.13842625	3.00361673	1.35188829	
1.29390417	3.45612721	1.55658677	
1.29390417	3.66431285	1.55658677	
1.29390417	3.43593450	1.50306746	
1.10254232	2.99205866	1.45369765	
1.10254232	2.99205866	1.45369765	
1.10254232	2.59484095	1.34918458	
1.24229036	2.59484095	1.34918458	
1.24229036	2.24091106	1.34918458	
1.24229036	2.18788453	1.34918458	
1.24229036	2.18788453	1.34252712	
1.24229036	2.09516849	1.34252712	
1.24229036	2.43166888	1.34252712	
1.24229036	2.21331525	1.34252712	
1.24229036	2.21331525	1.43847746	
1.17788562	2.46416124	1.43847746	
1.17788562	2.31736793	1.43847746	
1.17702790	2.57794625	1.31844369	
1.17702790	2.57794625	1.31844369	
1.17702790	2.10831289	1.42879356	
1.45600062	2.08854282	1.34954206	
1.45600062	2.08854282	1.34954206	
1.45600062	2.08854282	1.34954206	
1.45600062	2.04873826	1.31855357	
1.18903939	2.15593528	1.31855357	
1.18903939	1.94307663	1.31855357	
1.30103648	1.94307663	1.31855357	
1.30103648	1.77670505	1.23461969	
1.16541572	1.78384307	1.23461969	
1.16541572	1.98199971	1.23461969	
1.16541572	1.98199971	1.27841488	
1.16541572	1.98199971	1.27841488	
1.16541572	1.98199971	1.42987250	
1.23394086	1.98199971	1.42987250	
1.23394086	1.98199971	1.37928261	
1.23394086	2.41451696	1.37928261	
1.36414695	2.41451696	1.37928261	
1.36414695	2.01243102	1.37928261	
1.36414695	1.93007697	1.37928261	
1.38698967	2.11900373	1.37928261	
1.10942666	2.11900373	1.35645330	
1.10942666	2.40885177	1.39776958	
1.28413288	2.53996754	1.39776958	
1.19704361	2.12571937	1.39776958	
1.18846841	2.10980858	1.33283502	
1.18846841	2.10980858	1.33283502	
1.18846841	2.40322650	1.33283502	
1.18846841	2.47968670	1.37572015	
1.18846841	2.53898520	1.37572015	
1.18846841	2.87286983	1.37572015	
1.16818171	2.56243102	1.41090144	
1.16818171	2.40595250	1.25574273	
1.16818171	2.40595250	1.25574273	
1.16818171	2.34833868	1.25574273	
1.16818171	2.61367730	1.43753671	
1.16818171	2.61367730	1.43753671	
1.16818171	2.78686114	1.43753671	
1.16818171	2.80728841	1.43753671	
1.16818171	2.80728841	1.43753671	
1.16818171	2.80728841	1.43753671	
1.16818171	2.71207452	1.27314142	
1.25516835	2.34214914	1.47383668	
1.25516835	2.35137364	1.47383668	
1.28871917	2.35137364	1.47383668	
1.28871917	2.35137364	1.46401669	
1.28871917	2.34678097	1.46401669	
1.28871917	2.28776870	1.46401669	
1.41332383	2.62753131	1.46401669	
1.28786145	3.00012767	1.46401669	
1.28786145	2.53718943	1.46401669	
1.12931288	2.53718943	1.28890557	
1.12931288	2.53718943	1.28890557	
1.35981265	2.12239112	1.28890557	
1.05694119	2.12239112	1.28890557	
1.46511624	2.54418437	1.28890557	
1.46511624	2.88011670	1.28890557	
1.07961775	2.94255112	1.42118027	
1.07961775	2.95778617	1.42118027	
1.07961775	3.38074342	1.42118027	
1.33755159	3.38074342	1.42118027	
1.33755159	3.10403185	1.42118027	
1.23162026	2.67937139	1.42118027	
1.23162026	2.59440389	1.42118027	
1.23162026	2.59440389	1.42118027	
1.23162026	2.78218061	1.35829342	
1.23162026	3.14404639	1.35829342	
1.23162026	3.14404639	1.35829342	
1.23162026	3.08792701	1.35829342	
1.23162026	2.89691728	1.35829342	
1.23162026	3.04066347	1.35829342	
1.23162026	3.05645932	1.35829342	
1.23162026	2.82283114	1.35829342	
1.23162026	2.95688730	1.35829342	
1.23162026	2.49546925	1.35829342	
1.23162026	2.49546925	1.35829342	
1.37162470	2.49546925	1.40624865	
1.37896272	2.79174878	1.40624865	
1.37896272	2.71157128	1.40624865	
1.36082873	2.71157128	1.40624865	
1.36082873	2.41592366	1.40624865	
1.36082873	2.41592366	1.40624865	
1.36082873	2.54678103	1.43447112	
1.36082873	2.69846372	1.48304314	
1.12576498	2.69846372	1.48304314	
1.15477369	2.69902953	1.48304314	
1.15477369	2.69902953	1.48304314	
1.14184296	2.33215717	1.35740472	
1.24718252	2.33215717	1.35740472	
1.27902707	2.60712719	1.35740472	
1.27902707	2.98545842	1.35740472	
1.16983971	2.98545842	1.35740472	
1.16983971	2.87100924	1.35740472	
1.16983971	3.18559336	1.35740472	
1.16983971	3.24439258	1.49508497	
1.16983971	3.24439258	1.49754061	
1.16983971	2.91314243	1.47925816	
1.16983971	2.77955040	1.47925816	
1.16983971	2.52029836	1.47925816	
1.16983971	2.97676225	1.48460594	
1.16983971	2.97676225	1.48460594	
1.08885142	3.28703329	1.49459454	
1.08885142	3.30820337	1.49459454	
1.08885142	3.30820337	1.49459454	
1.17109451	3.25342526	1.49459454	
1.17109451	2.86306759	1.49459454	
1.17109451	2.81549153	1.49459454	
1.17109451	2.81549153	1.49459454	
1.17109451	2.38032715	1.49459454	
1.17109451	2.38032715	1.49459454	
1.17109451	2.38032715	1.37098666	
1.12494361	2.15051432	1.40633677	
1.12494361	2.29795790	1.40633677	
1.12494361	2.29795790	1.40633677	
1.12494361	1.99545183	1.40633677	
1.22166859	2.02424858	1.40633677	
1.22166859	1.97460216	1.51835349	
1.22166859	2.13533396	1.38552125	
1.22166859	2.02309268	1.38552125	
1.10821820	2.45314582	1.38552125	
1.10821820	2.45314582	1.38552125	
1.10821820	2.57984426	1.38552125	
1.10821820	2.63697159	1.38552125	
1.10821820	2.58113893	1.38552125	
1.26527604	2.17554269	1.38552125	
1.26527604	1.99961274	1.31282090	
1.26527604	1.99961274	1.31282090	
1.26527604	1.99961274	1.31282090	
1.26527604	2.34345614	1.31282090	
1.26527604	2.34345614	1.31282090	
1.19490354	2.34345614	1.31282090	
1.11819238	2.34149110	1.31282090	
1.11819238	2.10062999	1.41145395	
1.11819238	2.21283224	1.41145395	
1.25897143	2.21283224	1.41145395	
1.05600701	2.21283224	1.41145395	
1.43901021	2.58357369	1.41145395	
1.43901021	2.53573688	1.41145395	
1.39571496	2.53573688	1.41145395	
1.20655321	2.53573688	1.41145395	
1.20655321	2.51009192	1.41145395	
1.20655321	2.24624369	1.41145395	
1.20655321	2.24624369	1.41145395	
1.20655321	2.24624369	1.21151215	
1.20655321	2.42372565	1.48108823	
1.20655321	2.59246467	1.48108823	
1.30720392	2.49641109	1.41266143	
1.30720392	2.04692884	1.41266143	
1.29892093	2.04692884	1.41266143	
1.34406426	2.04692884	1.41266143	
1.34406426	2.04692884	1.41266143	
1.34406426	2.04692884	1.41266143	
1.34406426	2.38006398	1.41266143	
1.34406426	2.38006398	1.41266143	
1.34406426	2.38006398	1.41266143	
1.34406426	2.38006398	1.41266143	
1.34406426	2.22501888	1.41266143	
1.34406426	2.22501888	1.41266143	
1.34406426	2.41740799	1.41266143	
1.34406426	1.99709268	1.41266143	
1.34406426	1.84254869	1.41266143	
1.44134292	2.13328258	1.41266143	
1.44134292	2.21442345	1.45383674	
1.44134292	1.98800276	1.45383674	
1.39690835	2.07001982	1.45383674	
1.08505840	2.07001982	1.45383674	
1.08505840	2.49232119	1.45383674	
1.08505840	2.17222731	1.40573864	
1.08505840	2.06598907	1.45264758	
1.14593815	2.06598907	1.45264758	
1.14593815	1.98773915	1.45264758	
1.10047822	2.33236402	1.45264758	
1.44515662	2.09331533	1.45264758	
1.44515662	2.29900690	1.45264758	
1.44515662	2.29900690	1.45264758	
1.44515662	2.42804897	1.45264758	