-121.20000000 35.62500000 -0.00006578 -0.00142645 0.00500000 0.00500000
-121.08750000 35.62500000 -0.00779769 -0.00793304 0.00500000 0.00500000
-120.97500000 35.62500000 0.00012965 0.00001811 0.00500000 0.00500000
-120.86250000 35.62500000 -0.00053565 0.00479393 0.00500000 0.00500000
-120.75000000 35.62500000 -0.01237759 0.01848163 0.00500000 0.00500000
-120.63750000 35.62500000 -0.00581981 0.01609311 0.00500000 0.00500000
-120.52500000 35.62500000 -0.00788888 0.00852350 0.00500000 0.00500000
-121.20000000 35.75000000 0.00474347 0.00076364 0.00500000 0.00500000
-121.08750000 35.75000000 0.00125369 -0.01152818 0.00500000 0.00500000
-120.97500000 35.75000000 -0.00451808 -0.01523450 0.00500000 0.00500000
-120.86250000 35.75000000 -0.00644478 -0.00069806 0.00500000 0.00500000
-120.75000000 35.75000000 -0.01823018 0.02505101 0.00500000 0.00500000
-120.63750000 35.75000000 -0.03502006 0.02347915 0.00500000 0.00500000
-120.52500000 35.75000000 -0.01816813 0.02228876 0.00500000 0.00500000
-121.20000000 35.87500000 0.00940247 -0.01073454 0.00500000 0.00500000
-121.08750000 35.87500000 -0.00589221 -0.00555211 0.00500000 0.00500000
-120.97500000 35.87500000 -0.05954466 -0.04297079 0.00500000 0.00500000
-120.86250000 35.87500000 -0.01903193 -0.02537900 0.00500000 0.00500000
-120.75000000 35.87500000 -0.05335101 0.02426543 0.00500000 0.00500000
-120.63750000 35.87500000 -0.06737963 0.02061846 0.00500000 0.00500000
-120.52500000 35.87500000 -0.04427992 0.01508515 0.00500000 0.00500000
-121.20000000 36.00000000 0.00450736 0.00032871 0.00500000 0.00500000
-121.08750000 36.00000000 -0.00352605 0.00279847 0.00500000 0.00500000
-120.97500000 36.00000000 -0.06151949 0.05839574 0.00500000 0.00500000
-120.86250000 36.00000000 -0.01158851 0.08103960 0.00500000 0.00500000
-120.75000000 36.00000000 0.00054027 0.00424227 0.00500000 0.00500000
-120.63750000 36.00000000 -0.03602256 -0.00364007 0.00500000 0.00500000
-120.52500000 36.00000000 -0.04639574 -0.00141929 0.00500000 0.00500000
-121.20000000 36.12500000 0.00000448 -0.00019419 0.00500000 0.00500000
-121.08750000 36.12500000 0.00165741 0.01371200 0.00500000 0.00500000
-120.97500000 36.12500000 -0.01748964 0.03100158 0.00500000 0.00500000
-120.86250000 36.12500000 -0.00424115 0.06335933 0.00500000 0.00500000
-120.75000000 36.12500000 0.01498635 0.03556579 0.00500000 0.00500000
-120.63750000 36.12500000 -0.00306271 0.00613766 0.00500000 0.00500000
-120.52500000 36.12500000 -0.00929684 -0.00940231 0.00500000 0.00500000
-121.20000000 36.25000000 0.00741931 0.00045990 0.00500000 0.00500000
-121.08750000 36.25000000 0.00690761 0.00545442 0.00500000 0.00500000
-120.97500000 36.25000000 -0.00788894 0.00831029 0.00500000 0.00500000
-120.86250000 36.25000000 -0.00020240 0.01721496 0.00500000 0.00500000
-120.75000000 36.25000000 0.00262069 0.02182207 0.00500000 0.00500000
-120.63750000 36.25000000 -0.00726352 0.00512197 0.00500000 0.00500000
-120.52500000 36.25000000 -0.00253786 0.00168874 0.00500000 0.00500000
-121.20000000 36.37500000 -0.00285610 0.00040048 0.00500000 0.00500000
-121.08750000 36.37500000 0.00828869 -0.00074905 0.00500000 0.00500000
-120.97500000 36.37500000 -0.00358550 0.00288630 0.00500000 0.00500000
-120.86250000 36.37500000 0.00336722 0.01014604 0.00500000 0.00500000
-120.75000000 36.37500000 0.00239700 0.00248271 0.00500000 0.00500000
-120.63750000 36.37500000 -0.00384623 0.00820134 0.00500000 0.00500000
-120.52500000 36.37500000 -0.01160260 0.00428739 0.00500000 0.00500000
