-121.07500000 35.80000000 0.00379190 0.01000000
-121.04642857 35.80000000 -0.00011105 0.01000000
-121.01785714 35.80000000 0.01836467 0.01000000
-120.98928571 35.80000000 0.01766490 0.01000000
-120.96071429 35.80000000 0.01035704 0.01000000
-120.93214286 35.80000000 0.03608185 0.01000000
-120.90357143 35.80000000 0.02296060 0.01000000
-120.87500000 35.80000000 0.02606336 0.01000000
-120.84642857 35.80000000 0.00913122 0.01000000
-120.81785714 35.80000000 -0.02392122 0.01000000
-120.78928571 35.80000000 -0.04261641 0.01000000
-120.76071429 35.80000000 -0.03882848 0.01000000
-120.73214286 35.80000000 -0.04537168 0.01000000
-120.70357143 35.80000000 -0.05090742 0.01000000
-120.67500000 35.80000000 -0.03553519 0.01000000
-121.07500000 35.82857143 0.02086121 0.01000000
-121.04642857 35.82857143 0.00515541 0.01000000
-121.01785714 35.82857143 0.00977505 0.01000000
-120.98928571 35.82857143 0.02665042 0.01000000
-120.96071429 35.82857143 0.04795732 0.01000000
-120.93214286 35.82857143 0.04126769 0.01000000
-120.90357143 35.82857143 0.03654661 0.01000000
-120.87500000 35.82857143 0.03402252 0.01000000
-120.84642857 35.82857143 0.01235423 0.01000000
-120.81785714 35.82857143 -0.00652827 0.01000000
-120.78928571 35.82857143 -0.03759680 0.01000000
-120.76071429 35.82857143 -0.04614446 0.01000000
-120.73214286 35.82857143 -0.05483557 0.01000000
-120.70357143 35.82857143 -0.05173916 0.01000000
-120.67500000 35.82857143 -0.03274464 0.01000000
-121.07500000 35.85714286 0.00253033 0.01000000
-121.04642857 35.85714286 0.00247750 0.01000000
-121.01785714 35.85714286 0.03397534 0.01000000
-120.98928571 35.85714286 0.04149833 0.01000000
-120.96071429 35.85714286 0.07742896 0.01000000
-120.93214286 35.85714286 0.09152731 0.01000000
-120.90357143 35.85714286 0.10485802 0.01000000
-120.87500000 35.85714286 0.08443738 0.01000000
-120.84642857 35.85714286 0.04163686 0.01000000
-120.81785714 35.85714286 -0.01503305 0.01000000
-120.78928571 35.85714286 -0.02452150 0.01000000
-120.76071429 35.85714286 -0.03004916 0.01000000
-120.73214286 35.85714286 -0.04518866 0.01000000
-120.70357143 35.85714286 -0.07274732 0.01000000
-120.67500000 35.85714286 -0.05465706 0.01000000
-121.07500000 35.88571429 0.00428241 0.01000000
-121.04642857 35.88571429 0.01116505 0.01000000
-121.01785714 35.88571429 0.02949928 0.01000000
-120.98928571 35.88571429 0.08079208 0.01000000
-120.96071429 35.88571429 0.12237214 0.01000000
-120.93214286 35.88571429 0.16635051 0.01000000
-120.90357143 35.88571429 0.16715296 0.01000000
-120.87500000 35.88571429 0.13574137 0.01000000
-120.84642857 35.88571429 0.09328894 0.01000000
-120.81785714 35.88571429 0.04284089 0.01000000
-120.78928571 35.88571429 0.01210570 0.01000000
-120.76071429 35.88571429 -0.05209757 0.01000000
-120.73214286 35.88571429 -0.06381123 0.01000000
-120.70357143 35.88571429 -0.04764181 0.01000000
-120.67500000 35.88571429 -0.05996118 0.01000000
-121.07500000 35.91428571 -0.00096040 0.01000000
-121.04642857 35.91428571 0.02835994 0.01000000
-121.01785714 35.91428571 0.06655777 0.01000000
-120.98928571 35.91428571 0.10676592 0.01000000
-120.96071429 35.91428571 0.18884583 0.01000000
-120.93214286 35.91428571 0.23159752 0.01000000
-120.90357143 35.91428571 0.25525650 0.01000000
-120.87500000 35.91428571 0.19707679 0.01000000
-120.84642857 35.91428571 0.12743654 0.01000000
-120.81785714 35.91428571 0.07054553 0.01000000
-120.78928571 35.91428571 0.02860424 0.01000000
-120.76071429 35.91428571 -0.03335403 0.01000000
-120.73214286 35.91428571 -0.03775189 0.01000000
-120.70357143 35.91428571 -0.05901724 0.01000000
-120.67500000 35.91428571 -0.04816075 0.01000000
-121.07500000 35.94285714 0.00236176 0.01000000
-121.04642857 35.94285714 0.02662858 0.01000000
-121.01785714 35.94285714 0.03159408 0.01000000
-120.98928571 35.94285714 0.09567729 0.01000000
-120.96071429 35.94285714 0.17734401 0.01000000
-120.93214286 35.94285714 0.23503603 0.01000000
-120.90357143 35.94285714 0.27216249 0.01000000
-120.87500000 35.94285714 0.22551460 0.01000000
-120.84642857 35.94285714 0.14955283 0.01000000
-120.81785714 35.94285714 0.09242446 0.01000000
-120.78928571 35.94285714 0.05452228 0.01000000
-120.76071429 35.94285714 -0.00221306 0.01000000
-120.73214286 35.94285714 -0.02521194 0.01000000
-120.70357143 35.94285714 -0.03338462 0.01000000
-120.67500000 35.94285714 -0.06825738 0.01000000
-121.07500000 35.97142857 0.00617239 0.01000000
-121.04642857 35.97142857 0.01622132 0.01000000
-121.01785714 35.97142857 0.03423727 0.01000000
-120.98928571 35.97142857 0.08090391 0.01000000
-120.96071429 35.97142857 0.15459748 0.01000000
-120.93214286 35.97142857 0.19758339 0.01000000
-120.90357143 35.97142857 0.24236006 0.01000000
-120.87500000 35.97142857 0.21429754 0.01000000
-120.84642857 35.97142857 0.17943165 0.01000000
-120.81785714 35.97142857 0.11419318 0.01000000
-120.78928571 35.97142857 0.07116434 0.01000000
-120.76071429 35.97142857 0.01683569 0.01000000
-120.73214286 35.97142857 -0.00722404 0.01000000
-120.70357143 35.97142857 -0.02319538 0.01000000
-120.67500000 35.97142857 -0.03841469 0.01000000
-121.07500000 36.00000000 0.01994822 0.01000000
-121.04642857 36.00000000 0.04230858 0.01000000
-121.01785714 36.00000000 0.03968626 0.01000000
-120.98928571 36.00000000 0.06034979 0.01000000
-120.96071429 36.00000000 0.10764988 0.01000000
-120.93214286 36.00000000 0.14223561 0.01000000
-120.90357143 36.00000000 0.16310271 0.01000000
-120.87500000 36.00000000 0.18657789 0.01000000
-120.84642857 36.00000000 0.16184270 0.01000000
-120.81785714 36.00000000 0.12017107 0.01000000
-120.78928571 36.00000000 0.08983926 0.01000000
-120.76071429 36.00000000 0.05378438 0.01000000
-120.73214286 36.00000000 -0.00176677 0.01000000
-120.70357143 36.00000000 -0.01562624 0.01000000
-120.67500000 36.00000000 -0.03519089 0.01000000
-121.07500000 36.02857143 0.01598039 0.01000000
-121.04642857 36.02857143 -0.00862740 0.01000000
-121.01785714 36.02857143 0.03522842 0.01000000
-120.98928571 36.02857143 0.04430238 0.01000000
-120.96071429 36.02857143 0.06891082 0.01000000
-120.93214286 36.02857143 0.10749328 0.01000000
-120.90357143 36.02857143 0.11930879 0.01000000
-120.87500000 36.02857143 0.13558292 0.01000000
-120.84642857 36.02857143 0.12076968 0.01000000
-120.81785714 36.02857143 0.09528040 0.01000000
-120.78928571 36.02857143 0.07194576 0.01000000
-120.76071429 36.02857143 0.04701389 0.01000000
-120.73214286 36.02857143 0.00968766 0.01000000
-120.70357143 36.02857143 -0.01849510 0.01000000
-120.67500000 36.02857143 -0.00628065 0.01000000
-121.07500000 36.05714286 0.00020404 0.01000000
-121.04642857 36.05714286 0.01123496 0.01000000
-121.01785714 36.05714286 0.01815627 0.01000000
-120.98928571 36.05714286 0.02640971 0.01000000
-120.96071429 36.05714286 0.04822111 0.01000000
-120.93214286 36.05714286 0.06084875 0.01000000
-120.90357143 36.05714286 0.06685529 0.01000000
-120.87500000 36.05714286 0.08845897 0.01000000
-120.84642857 36.05714286 0.10551240 0.01000000
-120.81785714 36.05714286 0.08070294 0.01000000
-120.78928571 36.05714286 0.06835070 0.01000000
-120.76071429 36.05714286 0.03617626 0.01000000
-120.73214286 36.05714286 0.00968292 0.01000000
-120.70357143 36.05714286 -0.00704281 0.01000000
-120.67500000 36.05714286 -0.01257406 0.01000000
-121.07500000 36.08571429 0.00740892 0.01000000
-121.04642857 36.08571429 0.00720602 0.01000000
-121.01785714 36.08571429 0.02346100 0.01000000
-120.98928571 36.08571429 0.01724064 0.01000000
-120.96071429 36.08571429 0.01430462 0.01000000
-120.93214286 36.08571429 0.04212979 0.01000000
-120.90357143 36.08571429 0.05666085 0.01000000
-120.87500000 36.08571429 0.07124315 0.01000000
-120.84642857 36.08571429 0.07905441 0.01000000
-120.81785714 36.08571429 0.08334362 0.01000000
-120.78928571 36.08571429 0.05245643 0.01000000
-120.76071429 36.08571429 0.04278670 0.01000000
-120.73214286 36.08571429 0.02214738 0.01000000
-120.70357143 36.08571429 0.00183353 0.01000000
-120.67500000 36.08571429 0.01875965 0.01000000
-121.07500000 36.11428571 0.00169674 0.01000000
-121.04642857 36.11428571 -0.00806898 0.01000000
-121.01785714 36.11428571 0.02658612 0.01000000
-120.98928571 36.11428571 0.01649290 0.01000000
-120.96071429 36.11428571 0.00819089 0.01000000
-120.93214286 36.11428571 0.03348599 0.01000000
-120.90357143 36.11428571 0.04890589 0.01000000
-120.87500000 36.11428571 0.03543437 0.01000000
-120.84642857 36.11428571 0.05059180 0.01000000
-120.81785714 36.11428571 0.04708941 0.01000000
-120.78928571 36.11428571 0.03011848 0.01000000
-120.76071429 36.11428571 0.04282484 0.01000000
-120.73214286 36.11428571 0.01900163 0.01000000
-120.70357143 36.11428571 0.01403954 0.01000000
-120.67500000 36.11428571 -0.00644918 0.01000000
-121.07500000 36.14285714 -0.00342944 0.01000000
-121.04642857 36.14285714 0.00736574 0.01000000
-121.01785714 36.14285714 0.00707375 0.01000000
-120.98928571 36.14285714 0.02717475 0.01000000
-120.96071429 36.14285714 0.00968464 0.01000000
-120.93214286 36.14285714 0.03931691 0.01000000
-120.90357143 36.14285714 0.03761629 0.01000000
-120.87500000 36.14285714 0.00803779 0.01000000
-120.84642857 36.14285714 0.01386208 0.01000000
-120.81785714 36.14285714 0.02505873 0.01000000
-120.78928571 36.14285714 0.02561552 0.01000000
-120.76071429 36.14285714 0.02158538 0.01000000
-120.73214286 36.14285714 0.02274312 0.01000000
-120.70357143 36.14285714 0.00033538 0.01000000
-120.67500000 36.14285714 -0.00527008 0.01000000
-121.07500000 36.17142857 0.00019680 0.01000000
-121.04642857 36.17142857 0.00264887 0.01000000
-121.01785714 36.17142857 0.00670850 0.01000000
-120.98928571 36.17142857 0.01610343 0.01000000
-120.96071429 36.17142857 0.01393885 0.01000000
-120.93214286 36.17142857 -0.00703385 0.01000000
-120.90357143 36.17142857 0.02048691 0.01000000
-120.87500000 36.17142857 0.02444261 0.01000000
-120.84642857 36.17142857 0.02456858 0.01000000
-120.81785714 36.17142857 0.03159220 0.01000000
-120.78928571 36.17142857 0.02018897 0.01000000
-120.76071429 36.17142857 0.00703877 0.01000000
-120.73214286 36.17142857 0.00824303 0.01000000
-120.70357143 36.17142857 -0.01889757 0.01000000
-120.67500000 36.17142857 0.00664805 0.01000000
-121.07500000 36.20000000 0.00265832 0.01000000
-121.04642857 36.20000000 -0.00407939 0.01000000
-121.01785714 36.20000000 -0.00411762 0.01000000
-120.98928571 36.20000000 -0.00746684 0.01000000
-120.96071429 36.20000000 0.00410903 0.01000000
-120.93214286 36.20000000 0.00991709 0.01000000
-120.90357143 36.20000000 0.00449615 0.01000000
-120.87500000 36.20000000 0.00434219 0.01000000
-120.84642857 36.20000000 0.01003312 0.01000000
-120.81785714 36.20000000 0.00888094 0.01000000
-120.78928571 36.20000000 0.00031642 0.01000000
-120.76071429 36.20000000 0.02118862 0.01000000
-120.73214286 36.20000000 0.01045823 0.01000000
-120.70357143 36.20000000 0.01643749 0.01000000
-120.67500000 36.20000000 -0.00364435 0.01000000
