-121.37500000 36.00000000 -0.00185323 0.00200000
-121.34051724 36.00000000 -0.00082267 0.00200000
-121.30603448 36.00000000 -0.00272621 0.00200000
-121.27155172 36.00000000 -0.00475173 0.00200000
-121.23706897 36.00000000 0.00177317 0.00200000
-121.20258621 36.00000000 -0.00078271 0.00200000
-121.16810345 36.00000000 0.00199575 0.00200000
-121.13362069 36.00000000 0.00418503 0.00200000
-121.09913793 36.00000000 0.00874790 0.00200000
-121.06465517 36.00000000 0.01688981 0.00200000
-121.03017241 36.00000000 0.03701560 0.00200000
-120.99568966 36.00000000 0.07408240 0.00200000
-120.96120690 36.00000000 0.12561840 0.00200000
-120.92672414 36.00000000 0.18048282 0.00200000
-120.89224138 36.00000000 0.21149955 0.00200000
-120.85775862 36.00000000 0.19046740 0.00200000
-120.82327586 36.00000000 0.13732625 0.00200000
-120.78879310 36.00000000 0.07991242 0.00200000
-120.75431034 36.00000000 0.02785632 0.00200000
-120.71982759 36.00000000 -0.00457026 0.00200000
-120.68534483 36.00000000 -0.01809747 0.00200000
-120.65086207 36.00000000 -0.02066843 0.00200000
-120.61637931 36.00000000 -0.02178111 0.00200000
-120.58189655 36.00000000 -0.01796515 0.00200000
-120.54741379 36.00000000 -0.01833812 0.00200000
-120.51293103 36.00000000 -0.01386504 0.00200000
-120.47844828 36.00000000 -0.01086765 0.00200000
-120.44396552 36.00000000 -0.01065086 0.00200000
-120.40948276 36.00000000 -0.00917344 0.00200000
-120.37500000 36.00000000 -0.00333559 0.00200000
